
26/04/2026, 14:04:34
Config file: config/laplace/initial_laplace_25_0.6.ini
Data:
	1d_laplace_size: 25
	amount: 250
	dist_type: normal
	params: 1 0.6
	seed: 0
	dim: 625
Solver:
	tol: 1e-10
	max_iteration: None
Learn:
	iteration_count: 50
	step_range: 0.01
	method: mean
	seed: 0
	change_scales: 1
	allow_disimprovement: False
	disimprovement_scale: 1
	median_best_scale: 0.5
	mean_best_scale: 0.5
	flag_count_limit: 0
Precondition:
	dist_type: normal
	params: 0 0.1
	num_coef: 15
	par_list: 15
	diag_list: 1
	type: diag_shift
	diag: eye
	sym: False

Train:

Test:
No precond: Mean: 1987.724, median: 1729.0, std: 1269.14, percent: 1903.54, flag: 2 
	(1008, 2745, 1318, 2815, 3086, 5960, 1399, 1777, 566, 773, 1066, 2091, 1077, 1178, 1517, 2036, 2619, 2136, 2223, 681, 2781, 633, 2684, 1327, 6069, 3566, 4080, 2108, 3570, 2428, 1804, 1214, 4355, 1282, 2798, 1101, 946, 2639, 1832, 1476, 2505, 3115, 1061, 1287, 1924, 2721, 2880, 1466, 1811, 1860, 709, 3911, 1325, 2770, 1040, 2475, 1205, 1876, 782, 1713, 962, 1436, 1241, 1560, 750, 1615, 1241, 2703, 3722, 1748, 1315, 2379, 1028, 5466, 1253, 1825, 2616, 1067, 1603, 2028, 1821, 2791, 1731, 1045, 658, 2054, 1025, 2222, 2880, 3768, 1793, 2014, 3526, 1571, 2369, 2680, 2609, 1389, 1289, 1070, 931, 5183, 1964, 1016, 2386, 1828, 1529, 2476, 3428, 2052, 1151, 932, 1307, 1360, 805, 2007, 3257, 3140, 1193, 821, 1228, 3315, 1938, 989, 1589, 2839, 956, 2445, 6014, 2226, 1913, 826, 1853, 2656, 1101, 3920, 1963, 8148, 3645, 759, 1337, 1485, 6880, 844, 1506, 1166, 1560, 1208, 1124, 3360, 2141, 192, 1751, 3572, 3125, 1697, 2287, 947, 1617, 1324, 1598, 1043, 6681, 2671, 2169, 287, 2161, 3525, 775, 1022, 3405, 808, 1368, 3083, 482, 557, 990, 3174, 2639, 2227, 688, 792, 592, 8812, 1762, 1491, 2143, 576, 4110, 2595, 636, 1109, 1727, 1986, 1169, 602, 959, 1998, 985, 1153, 2618, 980, 1832, 820, 2510, 1618, 1953, 854, 2119, 1076, 1639, 1164, 1379, 1899, 153, 1408, 1579, 2043, 3131, 1451, 2795, 4608, 2048, 921, 714, 3710, 2310, 2553, 893, 2301, 1454, 765, 1316, 1591, 1212, 1630, 1161, 1803, 634, 1979, 3499, 2409, 1670, 1210, 3499, 1843, 1669, 2016, 772, 1895, 0)


Run time: 3.082677721977234e-07
