
26/04/2026, 14:04:44
Config file: config/laplace/initial_laplace_35_0.1.ini
Data:
	1d_laplace_size: 35
	amount: 250
	dist_type: normal
	params: 1 0.1
	seed: 0
	dim: 1225
Solver:
	tol: 1e-10
	max_iteration: None
Learn:
	iteration_count: 50
	step_range: 0.01
	method: mean
	seed: 0
	change_scales: 1
	allow_disimprovement: False
	disimprovement_scale: 1
	median_best_scale: 0.5
	mean_best_scale: 0.5
	flag_count_limit: 0
Precondition:
	dist_type: normal
	params: 0 0.1
	num_coef: 15
	par_list: 15
	diag_list: 1
	type: diag_shift
	diag: eye
	sym: False

Train:

Test:
No precond: Mean: 569.42, median: 552.0, std: 289.184, percent: 560.74, flag: 0 
	(90, 594, 78, 910, 567, 672, 291, 647, 690, 665, 540, 329, 233, 605, 603, 1025, 282, 513, 342, 418, 774, 392, 813, 529, 998, 363, 652, 372, 1269, 860, 1058, 959, 698, 871, 562, 833, 362, 846, 303, 804, 412, 533, 485, 497, 563, 514, 1321, 676, 532, 201, 226, 984, 241, 680, 372, 462, 714, 796, 278, 945, 533, 152, 600, 474, 635, 1271, 772, 946, 934, 860, 872, 529, 346, 986, 616, 879, 734, 422, 686, 63, 686, 503, 780, 517, 440, 634, 598, 223, 370, 1315, 901, 461, 569, 666, 852, 488, 614, 880, 506, 304, 637, 518, 1193, 792, 1055, 884, 357, 908, 677, 334, 631, 349, 550, 123, 544, 792, 863, 817, 1020, 87, 304, 631, 605, 469, 358, 86, 499, 571, 261, 261, 1092, 827, 554, 748, 865, 842, 433, 1034, 1116, 399, 129, 813, 311, 614, 828, 198, 340, 226, 697, 320, 679, 79, 795, 746, 995, 676, 285, 88, 481, 814, 241, 84, 708, 793, 953, 339, 737, 685, 675, 88, 1166, 644, 380, 345, 423, 171, 784, 462, 130, 497, 242, 262, 509, 421, 850, 144, 1119, 121, 835, 107, 385, 534, 586, 494, 583, 257, 263, 93, 721, 479, 970, 298, 108, 662, 700, 540, 546, 108, 122, 88, 723, 499, 407, 1020, 219, 733, 905, 416, 589, 265, 769, 801, 935, 353, 524, 1259, 683, 859, 200, 665, 377, 53, 338, 712, 178, 1266, 348, 430, 215, 235, 328, 484, 244, 328, 717, 701, 383, 736, 939, 406, 0)


Run time: 6.649643182754517e-07
