
26/04/2026, 14:04:50
Config file: config/laplace/initial_laplace_45_0.3.ini
Data:
	1d_laplace_size: 45
	amount: 250
	dist_type: normal
	params: 1 0.3
	seed: 0
	dim: 2025
Solver:
	tol: 1e-10
	max_iteration: None
Learn:
	iteration_count: 50
	step_range: 0.01
	method: mean
	seed: 0
	change_scales: 1
	allow_disimprovement: False
	disimprovement_scale: 1
	median_best_scale: 0.5
	mean_best_scale: 0.5
	flag_count_limit: 0
Precondition:
	dist_type: normal
	params: 0 0.1
	num_coef: 15
	par_list: 15
	diag_list: 1
	type: diag_shift
	diag: eye
	sym: False

Train:

Test:
No precond: Mean: 2497.244, median: 2230.5, std: 1214.669, percent: 2491.02, flag: 0 
	(950, 1877, 1941, 3744, 1247, 5987, 1591, 2381, 2752, 2719, 2593, 1137, 1253, 4091, 1708, 6313, 1086, 1351, 2778, 2363, 2458, 3768, 1766, 673, 2961, 2180, 1841, 2736, 5944, 3685, 3480, 2306, 2914, 2443, 1792, 2633, 2141, 4723, 964, 5409, 1415, 1365, 2197, 2119, 4040, 2732, 2921, 4361, 3014, 957, 2406, 2700, 1016, 2727, 1027, 2206, 4471, 5667, 1023, 2254, 1165, 1674, 3359, 1425, 1789, 2027, 2275, 3964, 2649, 2021, 4787, 1110, 2587, 2272, 1938, 2301, 5418, 2672, 1851, 975, 2245, 1659, 1756, 2166, 2142, 1639, 2126, 577, 1965, 3532, 3207, 1680, 1477, 2114, 2249, 1844, 6588, 3956, 3429, 1896, 2283, 2294, 1954, 1963, 5632, 2312, 1484, 5220, 3578, 1482, 1083, 1703, 2010, 1982, 2121, 1963, 1474, 3246, 3444, 1895, 1519, 1214, 1727, 3619, 2218, 2905, 1983, 1012, 3293, 1160, 4712, 3107, 2411, 2979, 3354, 1456, 2438, 1712, 1625, 2868, 1529, 2304, 1987, 1497, 3180, 721, 1195, 1917, 1328, 924, 3485, 814, 4130, 3147, 3932, 2682, 3182, 1594, 2130, 2582, 1685, 1483, 3374, 4695, 2891, 3307, 3968, 3869, 2384, 1420, 3376, 2724, 4297, 1429, 1424, 3804, 2088, 3379, 1458, 3026, 1638, 3871, 1794, 779, 5650, 893, 4333, 1585, 2784, 1212, 2860, 2502, 1756, 1301, 1700, 1520, 1457, 2108, 2847, 1731, 5055, 3275, 801, 1719, 2677, 3232, 2390, 1571, 1775, 1773, 5055, 2885, 1386, 2727, 1195, 3078, 5249, 2163, 1890, 1574, 3070, 1313, 3534, 2465, 1861, 6735, 3555, 3290, 1992, 2142, 4196, 414, 3297, 4340, 1567, 4321, 2878, 2612, 1249, 1405, 2994, 2379, 2402, 2623, 2127, 1920, 1607, 2076, 2243, 1334, 0)


Run time: 5.885958671569824e-07
