
26/04/2026, 14:04:21
Config file: config/laplace/initial_laplace_15_1.ini
Data:
	1d_laplace_size: 15
	amount: 250
	dist_type: normal
	params: 1 1
	seed: 0
	dim: 225
Solver:
	tol: 1e-10
	max_iteration: None
Learn:
	iteration_count: 50
	step_range: 0.01
	method: mean
	seed: 0
	change_scales: 1
	allow_disimprovement: False
	disimprovement_scale: 1
	median_best_scale: 0.5
	mean_best_scale: 0.5
	flag_count_limit: 0
Precondition:
	dist_type: normal
	params: 0 0.1
	num_coef: 15
	par_list: 15
	diag_list: 1
	type: diag_shift
	diag: eye
	sym: False

Train:

Test:
No precond: Mean: 1634.612, median: 1001.0, std: 4790.077, percent: 1056.94, flag: 17 
	(497, 786, 1071, 1084, 596, 878, 1451, 658, 1160, 813, 1777, 2607, 569, 1147, 1241, 11951, 691, 1748, 2215, 1044, 520, 1134, 476, 931, 614, 936, 2091, 1125, 127, 962, 625, 9701, 821, 805, 17889, 1276, 1204, 1622, 1488, 783, 1288, 659, 1271, 667, 1501, 1422, 675, 1767, 862, 1049, 1170, 1240, 730, 1278, 573, 1330, 499, 993, 1095, 859, 1233, 785, 748, 975, 752, 1984, 1163, 1497, 745, 825, 529, 1055, 2118, 943, 931, 1122, 1441, 890, 578, 2312, 570, 1249, 1177, 1178, 643, 1029, 1122, 1123, 786, 166, 1214, 1632, 1568, 1148, 293, 621, 1160, 1044, 773, 871, 1365, 830, 1953, 654, 540, 1273, 1686, 1164, 1113, 1333, 1206, 844, 1521, 1874, 1761, 1286, 1073, 720, 828, 1838, 1179, 783, 2055, 1071, 1507, 1140, 617, 780, 477, 749, 1354, 1397, 1312, 1265, 1815, 640, 9140, 718, 3817, 643, 1520, 594, 637, 915, 1412, 1203, 754, 1825, 849, 819, 10609, 271, 70, 700, 453, 740, 964, 1339, 683, 1048, 1324, 923, 546, 28053, 755, 1024, 1006, 247, 804, 626, 1020, 1232, 2342, 704, 1642, 616, 996, 373, 482, 1021, 1101, 653, 1488, 1143, 1248, 851, 1744, 359, 372, 396, 341, 646, 1169, 1212, 737, 584, 405, 1445, 647, 752, 1457, 1538, 1323, 805, 1522, 436, 1032, 586, 741, 465, 396, 1007, 481, 1369, 811, 3546, 1269, 651, 1179, 426, 649, 533, 1496, 563, 536, 940, 1660, 896, 1350, 811, 1991, 1301, 882, 1402, 949, 449, 2225, 1091, 939, 1786, 67337, 1646, 469, 1738, 937, 605, 559, 704, 558, 821, 0)


Run time: 2.9616057872772217e-07
