
Jacobi: 
Seed: 0

Test:
No precond: Mean: 2497.244, median: 2230.5, std: 1214.669, percent: 2491.02, flag: 0 
	(950, 1877, 1941, 3744, 1247, 5987, 1591, 2381, 2752, 2719, 2593, 1137, 1253, 4091, 1708, 6313, 1086, 1351, 2778, 2363, 2458, 3768, 1766, 673, 2961, 2180, 1841, 2736, 5944, 3685, 3480, 2306, 2914, 2443, 1792, 2633, 2141, 4723, 964, 5409, 1415, 1365, 2197, 2119, 4040, 2732, 2921, 4361, 3014, 957, 2406, 2700, 1016, 2727, 1027, 2206, 4471, 5667, 1023, 2254, 1165, 1674, 3359, 1425, 1789, 2027, 2275, 3964, 2649, 2021, 4787, 1110, 2587, 2272, 1938, 2301, 5418, 2672, 1851, 975, 2245, 1659, 1756, 2166, 2142, 1639, 2126, 577, 1965, 3532, 3207, 1680, 1477, 2114, 2249, 1844, 6588, 3956, 3429, 1896, 2283, 2294, 1954, 1963, 5632, 2312, 1484, 5220, 3578, 1482, 1083, 1703, 2010, 1982, 2121, 1963, 1474, 3246, 3444, 1895, 1519, 1214, 1727, 3619, 2218, 2905, 1983, 1012, 3293, 1160, 4712, 3107, 2411, 2979, 3354, 1456, 2438, 1712, 1625, 2868, 1529, 2304, 1987, 1497, 3180, 721, 1195, 1917, 1328, 924, 3485, 814, 4130, 3147, 3932, 2682, 3182, 1594, 2130, 2582, 1685, 1483, 3374, 4695, 2891, 3307, 3968, 3869, 2384, 1420, 3376, 2724, 4297, 1429, 1424, 3804, 2088, 3379, 1458, 3026, 1638, 3871, 1794, 779, 5650, 893, 4333, 1585, 2784, 1212, 2860, 2502, 1756, 1301, 1700, 1520, 1457, 2108, 2847, 1731, 5055, 3275, 801, 1719, 2677, 3232, 2390, 1571, 1775, 1773, 5055, 2885, 1386, 2727, 1195, 3078, 5249, 2163, 1890, 1574, 3070, 1313, 3534, 2465, 1861, 6735, 3555, 3290, 1992, 2142, 4196, 414, 3297, 4340, 1567, 4321, 2878, 2612, 1249, 1405, 2994, 2379, 2402, 2623, 2127, 1920, 1607, 2076, 2243, 1334)

Last: Mean: 2079.96, median: 1846.5, std: 1147.316, percent: 2054.8, B: 230, W: 20, flag: 0 
	(743, 1369, 1195, 3231, 1009, 7387, 1727, 1614, 2239, 2554, 2275, 1024, 1025, 5804, 1392, 6411, 954, 1206, 2706, 1704, 2675, 2968, 1375, 575, 2623, 1668, 1803, 2268, 6098, 2546, 3110, 2118, 2038, 1593, 1423, 2732, 1976, 4085, 744, 6085, 1046, 1389, 1646, 1666, 2604, 1925, 2403, 3549, 2445, 862, 1575, 2241, 624, 2549, 759, 2428, 3182, 3671, 798, 1894, 1201, 1351, 2818, 1136, 1333, 1661, 1858, 4547, 1978, 1662, 3927, 766, 2296, 1997, 1257, 2321, 5079, 2090, 1426, 630, 1914, 1333, 1370, 1692, 1945, 1182, 1937, 385, 1552, 2907, 2769, 1315, 1330, 1709, 1746, 1488, 4297, 3849, 2967, 1630, 1962, 1618, 1884, 1519, 5188, 1964, 1223, 4390, 2857, 998, 753, 1422, 1762, 1366, 1818, 1835, 1100, 2322, 2520, 1718, 1195, 883, 1435, 2633, 2034, 2510, 1484, 787, 2648, 793, 4577, 2329, 1947, 2536, 2555, 1334, 1899, 1378, 1208, 1982, 1252, 1917, 1642, 1197, 3899, 524, 828, 1798, 948, 724, 3138, 538, 4350, 2747, 3355, 2293, 2085, 1131, 1862, 1436, 1299, 851, 2879, 3337, 2748, 2963, 2972, 3018, 2269, 1145, 3289, 1992, 3374, 1441, 1136, 3043, 1875, 2666, 1316, 2061, 1284, 3206, 1368, 568, 4790, 833, 2808, 1211, 3047, 830, 2581, 1833, 1583, 963, 1240, 1198, 1172, 1538, 2347, 1539, 3445, 2356, 499, 1474, 2228, 2595, 1739, 1293, 1298, 1665, 3433, 2055, 1090, 2758, 995, 2370, 5143, 1586, 1301, 1222, 2737, 994, 3193, 1869, 1662, 4635, 2344, 2330, 1485, 2023, 3689, 325, 4013, 2987, 1247, 4158, 2050, 1719, 893, 877, 2201, 2069, 2307, 1994, 1959, 1607, 1329, 1677, 2358, 1092)
[]

Jacobi: 
Seed: 1

Test:
No precond: Mean: 2672.772, median: 2441.0, std: 1328.452, percent: 2599.4, flag: 0 
	(2732, 1722, 2896, 6703, 1263, 687, 4519, 1196, 1214, 2257, 1636, 3135, 1148, 2438, 987, 2178, 2570, 2254, 2014, 2444, 1991, 2088, 2134, 2382, 2218, 868, 2182, 3218, 1219, 2008, 3407, 2246, 1203, 4618, 2022, 1618, 1504, 1778, 1968, 4965, 2198, 2292, 2342, 2682, 2127, 4125, 116, 2057, 902, 1557, 6323, 1922, 2322, 669, 481, 2490, 5504, 2080, 3458, 2573, 3341, 2994, 1888, 2050, 1387, 1391, 2387, 3298, 3614, 1684, 3098, 3118, 4464, 2592, 3866, 1797, 1981, 3499, 2273, 3253, 1323, 3153, 6059, 966, 3170, 5799, 5113, 5496, 3340, 2744, 2820, 3977, 3408, 5672, 2096, 1793, 4208, 3067, 1774, 4401, 1070, 2213, 3325, 2189, 1008, 2444, 4028, 1978, 1750, 3565, 2784, 3991, 2663, 2116, 3048, 4220, 2725, 2296, 2839, 2945, 2677, 2762, 3101, 1310, 1820, 1505, 3077, 1109, 1571, 4558, 336, 3214, 3399, 3984, 1498, 3185, 2949, 7460, 2913, 2708, 3603, 1702, 1714, 3044, 5088, 1978, 1501, 2803, 1265, 4648, 5189, 3450, 3232, 2691, 1878, 2840, 872, 1891, 3314, 1379, 2210, 3947, 929, 1336, 1542, 2928, 2412, 1326, 2491, 1833, 1338, 2562, 2919, 2052, 2082, 2489, 3746, 5866, 3049, 1273, 2993, 1275, 3425, 6333, 2217, 2252, 996, 1935, 2942, 3295, 2229, 2084, 8781, 3569, 3803, 2957, 1800, 2928, 1130, 3008, 1029, 2696, 3562, 1757, 4629, 1127, 2829, 1217, 4062, 4161, 2116, 1422, 4084, 1838, 2941, 577, 3148, 5144, 2884, 1132, 1309, 1212, 2450, 5948, 2031, 4191, 2686, 1828, 2057, 1766, 1347, 1945, 4401, 5568, 2142, 2128, 3510, 2437, 1763, 1883, 2842, 2343, 1301, 2928, 2177, 3078, 3557, 2609, 2563, 4937)

Last: Mean: 2243.404, median: 2011.0, std: 1292.295, percent: 2166.82, B: 227, W: 23, flag: 0 
	(2492, 1157, 2356, 6959, 839, 487, 3002, 866, 976, 1907, 1273, 2669, 863, 2145, 660, 1762, 2341, 1909, 1489, 2055, 1726, 1569, 1796, 1748, 1978, 617, 1540, 2433, 844, 1703, 2400, 2273, 872, 4214, 2070, 1366, 1364, 1487, 1987, 5940, 1541, 2451, 1896, 1937, 1609, 3424, 88, 2065, 540, 975, 3808, 1498, 1945, 508, 374, 2066, 5962, 1647, 3177, 2004, 2980, 3540, 1246, 1741, 1252, 1334, 2280, 2018, 2500, 1211, 2806, 2049, 4025, 1813, 3192, 1519, 1512, 2859, 1472, 2369, 971, 2310, 5160, 683, 2900, 6209, 7128, 4441, 1815, 1701, 2381, 3524, 2637, 4538, 1510, 1334, 3708, 3033, 1551, 3129, 945, 1675, 2151, 1579, 758, 2059, 3928, 1515, 1347, 3055, 2266, 3521, 2367, 1736, 1860, 4665, 3485, 1968, 2768, 2071, 1862, 2524, 2886, 1228, 1155, 1323, 2413, 872, 1273, 4708, 227, 2466, 2340, 4785, 1306, 2140, 2287, 6406, 2701, 2301, 2515, 1200, 1670, 2718, 4346, 2046, 1027, 2217, 881, 3775, 4505, 3090, 3659, 2056, 1366, 2563, 589, 1380, 3454, 1003, 2345, 3067, 626, 1129, 1520, 1945, 2024, 946, 2029, 1966, 1178, 2286, 2628, 1827, 1914, 1958, 3726, 4679, 1491, 1014, 2296, 1057, 2937, 5225, 1895, 1896, 671, 1608, 2321, 2576, 2065, 2083, 8292, 2858, 2935, 2489, 1157, 2775, 952, 2358, 819, 2125, 2069, 1470, 4796, 736, 2054, 928, 2777, 2872, 2193, 1157, 3360, 1295, 2589, 371, 2247, 3920, 2346, 805, 1027, 1055, 1952, 5053, 1925, 3781, 2298, 1529, 1614, 1351, 846, 1516, 3827, 5367, 1832, 1800, 3171, 1858, 996, 1525, 2187, 2083, 1011, 3343, 1871, 2750, 3155, 1910, 1242, 4291)
[]

Jacobi: 
Seed: 2

Test:
No precond: Mean: 2674.4, median: 2314.0, std: 1455.574, percent: 2601.02, flag: 0 
	(1901, 3242, 1970, 2606, 2480, 1510, 1504, 2925, 664, 2319, 856, 2220, 1363, 2319, 1325, 4827, 1313, 2096, 1194, 1774, 2190, 2501, 1375, 1792, 1349, 1398, 7071, 2478, 2014, 1657, 3825, 1849, 2918, 2994, 2696, 1641, 4176, 3921, 2067, 1633, 1859, 2163, 1576, 2795, 1368, 4006, 2575, 5949, 3558, 2260, 3505, 1931, 2125, 1802, 1314, 2499, 2342, 2010, 1292, 2769, 1077, 2388, 1857, 1336, 1918, 1719, 1875, 8409, 3822, 1417, 4913, 5185, 2121, 3704, 1111, 2289, 1722, 1619, 3505, 1889, 1874, 1287, 4732, 2901, 3298, 1277, 2007, 2789, 3169, 6286, 1411, 3915, 3148, 1288, 1650, 1295, 3210, 4860, 1849, 1443, 4030, 2698, 2834, 5245, 3253, 2309, 2224, 3390, 8573, 2377, 3236, 1841, 1978, 2624, 2162, 1987, 2943, 1167, 2541, 1232, 5631, 874, 2907, 5726, 2298, 1303, 1913, 4272, 1071, 1069, 2986, 3122, 2957, 2538, 2146, 2613, 2090, 2819, 2732, 2879, 2632, 973, 2948, 4606, 2225, 3181, 1384, 3844, 3129, 1682, 2275, 4859, 1412, 617, 927, 4918, 4417, 2912, 2782, 987, 2932, 879, 1589, 2441, 1461, 2524, 2598, 3604, 3241, 3337, 3314, 3609, 2600, 1859, 1034, 939, 5251, 6602, 5194, 1968, 1288, 1885, 1703, 1711, 2798, 3334, 8692, 1348, 1204, 1573, 1784, 3596, 2448, 2041, 2242, 2833, 4420, 3819, 5621, 1965, 3047, 1288, 3785, 3683, 2721, 2180, 2216, 1526, 6115, 2032, 3099, 3378, 5003, 2367, 2281, 4647, 3217, 3277, 2048, 1838, 2117, 2189, 1257, 9233, 1822, 4768, 2465, 1522, 956, 1906, 3059, 1013, 6424, 1769, 2714, 2593, 3989, 1273, 2700, 1967, 3061, 4424, 3642, 1276, 1907, 1480, 2681, 3400, 1626, 1822)

Last: Mean: 2285.86, median: 1966.5, std: 1425.221, percent: 2198.58, B: 225, W: 25, flag: 0 
	(1571, 3016, 1767, 1816, 2046, 1238, 1214, 2694, 543, 2505, 629, 1427, 778, 2288, 975, 5364, 1051, 1690, 854, 1178, 2109, 2094, 998, 1559, 1071, 1293, 8720, 2075, 1426, 1244, 3769, 1287, 1981, 2437, 2531, 1952, 4109, 3348, 1591, 1420, 1824, 1628, 1439, 2789, 946, 2708, 2039, 5179, 2357, 2445, 2679, 1425, 1851, 1623, 1129, 1934, 1898, 1274, 904, 2036, 863, 1771, 1149, 1124, 1642, 1599, 1591, 5997, 3253, 939, 4541, 4175, 1706, 4029, 922, 2048, 1408, 1279, 2797, 1472, 1586, 886, 4381, 2220, 2967, 999, 1613, 2527, 2518, 3805, 995, 4094, 2633, 917, 1214, 1008, 3165, 4532, 1589, 1148, 4295, 2174, 2203, 4878, 1970, 1723, 2057, 3021, 11046, 2048, 2644, 1584, 1634, 2613, 1883, 1777, 2048, 835, 1798, 915, 4516, 650, 3060, 3766, 1768, 1117, 1588, 3976, 1005, 702, 2350, 2442, 2181, 1884, 1474, 2385, 2070, 2309, 2146, 2840, 2566, 785, 2183, 4294, 2428, 1963, 1187, 3547, 2670, 1327, 2445, 5342, 1180, 458, 868, 3121, 2909, 2312, 2454, 755, 2358, 692, 1094, 1589, 1150, 2548, 1975, 3295, 3284, 3241, 3208, 3868, 2396, 1736, 824, 738, 4471, 6205, 6248, 1559, 1103, 1391, 1480, 1041, 2324, 2313, 7660, 1125, 802, 1285, 1374, 2743, 1809, 1534, 1727, 1980, 5490, 2297, 5322, 1769, 2999, 781, 6091, 2696, 2832, 1624, 2334, 1095, 5007, 2268, 2913, 2854, 4619, 1994, 1840, 4118, 2290, 2898, 1245, 1526, 1754, 2069, 1113, 4958, 1371, 4162, 1845, 1143, 654, 1349, 2473, 783, 4680, 1352, 1926, 2779, 2748, 1089, 2564, 2072, 2828, 3893, 3001, 1007, 1549, 1385, 1985, 3380, 1836, 1609)
[]

Jacobi: 
Seed: 3

Test:
No precond: Mean: 2497.424, median: 2306.5, std: 1181.093, percent: 2469.5, flag: 0 
	(3795, 5289, 1445, 797, 1056, 1346, 2571, 8275, 2182, 1039, 2955, 2189, 1158, 3839, 3026, 1683, 594, 2924, 2657, 3223, 3003, 2194, 2092, 4489, 1086, 1038, 2593, 3530, 2226, 3031, 3604, 1711, 2215, 2151, 1199, 668, 5177, 5466, 3940, 1241, 2087, 3303, 1724, 2990, 2796, 2804, 4521, 1763, 2926, 3464, 2894, 2216, 2769, 812, 1059, 5890, 2654, 5275, 2990, 1452, 3016, 3165, 1785, 1826, 1441, 2132, 2996, 2113, 2871, 1919, 2468, 1452, 2831, 2094, 1466, 3065, 1893, 3403, 2281, 1836, 2451, 2364, 3530, 2440, 3637, 1856, 3503, 4305, 798, 5276, 2296, 1731, 869, 2049, 3111, 4340, 2166, 2341, 3080, 2607, 2798, 3011, 4531, 2443, 1629, 2607, 55, 960, 2516, 1973, 2554, 3012, 3304, 1919, 4999, 2190, 2385, 3673, 1593, 1619, 2975, 3000, 2696, 2286, 2604, 1616, 2655, 1105, 1765, 171, 2306, 2704, 2306, 1037, 2527, 866, 1863, 1122, 2571, 2063, 3391, 1132, 2334, 3754, 1967, 2165, 1622, 2229, 2200, 2167, 2450, 2944, 1432, 2019, 2202, 2081, 2307, 955, 1851, 3870, 2927, 2387, 2235, 3570, 3237, 3022, 3206, 4534, 1079, 1157, 2649, 1924, 2311, 4100, 4785, 4409, 2445, 2681, 1861, 4774, 986, 1077, 1652, 1571, 3029, 1227, 4943, 1955, 2873, 1485, 1115, 2293, 3144, 1430, 1117, 2089, 2223, 2307, 2910, 3764, 4301, 1564, 1692, 2917, 3234, 5660, 2097, 3654, 2485, 3376, 2337, 1809, 1608, 2387, 883, 3621, 1986, 2151, 3161, 1167, 1551, 1654, 1889, 5520, 2011, 2833, 5352, 2367, 1865, 4774, 2094, 1845, 1077, 1404, 4290, 1558, 1152, 2904, 1682, 1543, 1312, 2323, 2793, 1126, 1552, 2426, 5686, 1867, 1233, 3130)

Last: Mean: 2080.844, median: 1867.0, std: 1085.82, percent: 2078.66, B: 236, W: 14, flag: 0 
	(3623, 4679, 1305, 441, 898, 956, 2225, 7504, 1862, 848, 2366, 1735, 974, 3036, 3265, 1231, 418, 2364, 2407, 3091, 2427, 2434, 1748, 3235, 860, 699, 3067, 3153, 1679, 2795, 2423, 1360, 1930, 1995, 754, 347, 4213, 4429, 3472, 805, 1935, 2487, 1267, 2308, 2507, 2461, 3263, 1360, 2913, 2654, 2033, 1797, 1960, 615, 656, 4473, 1821, 5016, 2555, 1245, 2491, 2528, 1421, 1550, 1146, 1541, 2345, 1695, 2011, 1546, 2173, 1012, 2426, 1992, 1147, 3013, 1252, 3508, 1844, 1786, 2327, 1792, 3784, 2772, 3273, 1692, 2636, 3523, 629, 4053, 1858, 1180, 721, 1567, 3146, 3202, 1859, 1669, 2831, 2624, 2523, 2595, 2855, 2142, 1454, 2342, 49, 746, 1777, 1387, 1990, 2969, 2695, 1385, 5087, 1719, 2157, 4368, 1276, 1198, 2123, 2970, 2325, 1679, 1954, 1174, 1840, 729, 1433, 152, 1922, 2323, 1745, 722, 1930, 777, 1353, 869, 1686, 1283, 3378, 884, 1583, 3464, 1214, 1751, 1281, 1681, 1737, 1599, 2171, 2514, 910, 1803, 2062, 1537, 1364, 822, 1408, 3154, 2603, 1681, 2481, 3236, 3043, 2562, 2586, 3917, 906, 956, 2411, 1471, 1865, 3248, 3620, 3459, 2444, 1913, 1677, 3800, 897, 960, 1426, 1196, 2678, 983, 3209, 1367, 2321, 1063, 818, 2169, 3037, 1365, 808, 1889, 1652, 1851, 2354, 3119, 4192, 1301, 1164, 2488, 2106, 5058, 1553, 3418, 2177, 3130, 2038, 1982, 1263, 1525, 733, 3357, 1640, 1741, 2704, 1027, 1507, 1157, 1500, 3700, 1845, 2348, 6967, 1869, 1511, 3379, 1686, 1918, 800, 1013, 3258, 986, 1091, 2150, 1331, 1031, 975, 1989, 2358, 999, 1325, 2141, 4564, 1195, 970, 3046)
[]

Jacobi: 
Seed: 4

Test:
No precond: Mean: 2668.612, median: 2398.0, std: 1385.032, percent: 2671.28, flag: 0 
	(1983, 2578, 676, 2933, 1464, 2621, 1307, 3528, 1858, 2683, 2129, 1892, 2826, 1187, 430, 5596, 2773, 2235, 2579, 1475, 2178, 1571, 1590, 2288, 4603, 3477, 4219, 1624, 7298, 4946, 1496, 2912, 5565, 6150, 2119, 1462, 2624, 1445, 3557, 1537, 6277, 2273, 1330, 2049, 2042, 1309, 1462, 1699, 1717, 1235, 2012, 3871, 2942, 2636, 1541, 6301, 1090, 2251, 2929, 1641, 2466, 4652, 2965, 2352, 1863, 3224, 2232, 3358, 779, 3011, 1883, 1560, 3625, 1964, 1601, 2259, 1213, 2139, 2679, 1660, 884, 1250, 2319, 2499, 2746, 4111, 1995, 1774, 2823, 2890, 2614, 2152, 3022, 1804, 2787, 5429, 7075, 3869, 2068, 2460, 3032, 3388, 4121, 2388, 3062, 1205, 5242, 4494, 2420, 1480, 2363, 3169, 1385, 4259, 1652, 2166, 2397, 1217, 2960, 3247, 1889, 4133, 2241, 1610, 2607, 4885, 3219, 2255, 4598, 2399, 3601, 2936, 2139, 1184, 3048, 6464, 2080, 2002, 2454, 2629, 1333, 868, 3420, 1616, 3639, 2115, 740, 995, 3560, 1019, 3453, 803, 3419, 2593, 7562, 4105, 2499, 4826, 2503, 2049, 9706, 2180, 4792, 1983, 1753, 2177, 2732, 3380, 3172, 2503, 2548, 1753, 1569, 2725, 2503, 1340, 4223, 2408, 2983, 2136, 1841, 1742, 1220, 2558, 3482, 1725, 3344, 1312, 1905, 1475, 3434, 2434, 1711, 2885, 2882, 3183, 4524, 1159, 1266, 2507, 4210, 2146, 4494, 2129, 2547, 2930, 2233, 5717, 1283, 2707, 445, 1504, 1586, 1258, 2943, 5122, 1511, 2199, 2804, 2194, 1346, 2172, 3982, 1289, 2787, 2778, 3583, 4555, 4919, 1813, 1397, 971, 2406, 4208, 1265, 2130, 2025, 721, 1647, 2042, 6437, 5564, 4469, 1604, 2141, 1910, 3486, 3212, 3147, 2816)

Last: Mean: 2231.056, median: 1940.5, std: 1298.974, percent: 2204.04, B: 230, W: 20, flag: 2 
	(1932, 1977, 316, 2479, 1026, 1798, 1109, 3574, 1474, 2221, 1641, 1184, 2179, 1125, 326, 5866, 2109, 1610, 1810, 1131, 2082, 1088, 1333, 1526, 3985, 2823, 4839, 1090, 7259, 5836, 1010, 2085, 4517, 3681, 1655, 1139, 2511, 814, 3691, 1161, 4989, 1813, 1043, 1696, 1891, 935, 1158, 1416, 1244, 1013, 1983, 2804, 2388, 2375, 1104, 5768, 832, 1746, 3559, 1176, 1783, 3815, 3238, 1511, 1454, 3274, 2114, 2290, 631, 2809, 1762, 1256, 3060, 1560, 1293, 1514, 978, 1642, 1943, 1222, 689, 925, 2130, 2368, 2291, 4198, 1861, 1401, 2225, 3951, 2623, 1442, 3027, 1590, 2388, 3773, 9166, 3617, 1403, 2006, 2914, 2664, 2475, 1605, 2502, 688, 4605, 4220, 1826, 1040, 1899, 2455, 996, 3783, 1497, 1553, 1938, 1050, 2518, 2644, 1253, 3583, 1829, 1487, 2222, 5440, 2455, 1846, 4530, 4795, 3391, 2441, 1797, 864, 2305, 6000, 1773, 1536, 2136, 2210, 1083, 781, 2558, 1220, 2555, 1881, 475, 749, 2814, 741, 2467, 629, 2591, 1687, 7377, 3154, 2486, 4146, 2141, 1551, 3161, 1501, 3418, 1722, 1578, 1944, 2185, 2620, 2518, 2037, 1391, 1381, 1127, 2087, 1965, 1098, 4033, 2082, 2455, 2005, 1630, 1630, 1037, 1802, 2842, 1146, 2446, 986, 1561, 877, 3228, 1933, 1364, 3001, 2495, 1910, 4326, 762, 1090, 2061, 2456, 1837, 3365, 1529, 2365, 2835, 2286, 4005, 1125, 2522, 442, 961, 1468, 1063, 2320, 4371, 981, 1877, 2409, 2389, 938, 1711, 3229, 1066, 2380, 2298, 2848, 4342, 4816, 1361, 1096, 705, 2243, 3707, 1157, 1593, 1468, 490, 1285, 1486, 4963, 4108, 3286, 1332, 2154, 1743, 2790, 3300, 2337, 2472)
[]

Jacobi: 
Seed: 5

Test:
No precond: Mean: 2558.008, median: 2432.5, std: 1232.611, percent: 2461.7, flag: 2 
	(2438, 2488, 4739, 1274, 2630, 3243, 2641, 1143, 2118, 3172, 1510, 1512, 3269, 2696, 1198, 5979, 1456, 3501, 2548, 1288, 1916, 3517, 6278, 5194, 3572, 3020, 1470, 949, 2661, 1246, 2249, 2560, 1968, 3132, 2505, 2149, 5226, 2635, 1794, 3095, 5954, 2647, 8547, 3583, 2997, 1141, 2016, 921, 1663, 7926, 1533, 1482, 3144, 1687, 2757, 1085, 1400, 4945, 3282, 3024, 1487, 2762, 2978, 2477, 1863, 1717, 1798, 2589, 2162, 2726, 5084, 1068, 2263, 1725, 2436, 3599, 2852, 3811, 2875, 2052, 3456, 1531, 2642, 3407, 1410, 2753, 2893, 1710, 1190, 2845, 2805, 2515, 2217, 5501, 1868, 3273, 2493, 1902, 2869, 1712, 2822, 1856, 1007, 3393, 5438, 2101, 2949, 2796, 1750, 1931, 1669, 4327, 2084, 3203, 999, 1985, 2516, 1105, 3882, 3974, 4420, 1272, 1320, 3020, 1904, 1531, 3576, 3069, 3672, 1874, 4711, 1699, 1639, 4274, 1223, 2938, 1777, 2293, 3042, 3101, 1164, 2699, 2203, 2559, 2946, 3373, 2066, 1461, 1166, 3064, 2660, 1110, 2700, 2171, 1570, 1300, 1356, 914, 2893, 5415, 1913, 758, 3648, 2531, 2434, 2406, 2586, 1682, 4031, 2163, 2718, 2296, 1847, 1766, 1414, 769, 2105, 4828, 1411, 522, 2645, 1238, 2124, 2147, 2231, 2528, 4103, 2600, 753, 2336, 1604, 2541, 3336, 3926, 3101, 3455, 1752, 3010, 2259, 2561, 1561, 2399, 2229, 1332, 3209, 2222, 1473, 2941, 1213, 2459, 5534, 1518, 1621, 1813, 2904, 1554, 2763, 1919, 3133, 2162, 2333, 1638, 2885, 2380, 1552, 2743, 1870, 3000, 2044, 1800, 4046, 3783, 3446, 2635, 2189, 4720, 2431, 4083, 3339, 1333, 1575, 5907, 1378, 1825, 1264, 4197, 819, 1261, 1473, 5555)

Last: Mean: 2163.04, median: 1854.0, std: 1305.813, percent: 2058.66, B: 228, W: 22, flag: 0 
	(1920, 1923, 3214, 1331, 2400, 1901, 1846, 816, 1476, 2501, 1107, 1394, 2593, 1799, 869, 6162, 1123, 3230, 2341, 1013, 1465, 2439, 4918, 4975, 3196, 2255, 1215, 839, 2131, 1070, 1599, 2547, 1743, 2562, 1854, 1609, 4135, 1960, 1576, 2539, 5552, 2405, 8232, 2931, 2475, 995, 1483, 438, 1410, 5894, 1281, 1172, 3192, 1607, 2011, 849, 1043, 3656, 2485, 3456, 1186, 2551, 1859, 2200, 1458, 1432, 1588, 1917, 1310, 1684, 12339, 762, 1637, 1456, 2003, 3855, 2320, 2751, 2693, 1648, 2811, 1236, 3248, 3996, 823, 2168, 2471, 1398, 1919, 2604, 2173, 2235, 2581, 4117, 1353, 3651, 1939, 2058, 2010, 1326, 2164, 1677, 786, 2888, 4293, 1837, 1787, 2557, 1348, 1448, 1274, 3696, 1942, 2947, 887, 1708, 1732, 837, 2896, 2473, 3330, 948, 969, 2136, 1660, 1071, 3748, 2974, 3174, 1793, 4449, 1537, 1276, 4946, 801, 2845, 1541, 2028, 2250, 2515, 989, 1767, 1633, 2678, 2720, 2367, 1679, 1248, 917, 2951, 1367, 796, 2164, 1862, 1404, 1034, 1124, 794, 2832, 5289, 1523, 694, 3119, 2926, 1708, 2252, 2250, 1422, 3659, 1844, 2417, 1770, 1540, 1355, 1226, 605, 1487, 3302, 1205, 402, 1752, 1004, 1571, 1854, 1800, 2115, 2949, 1995, 358, 1725, 1163, 1769, 3550, 3434, 2480, 2258, 1641, 2958, 2145, 1651, 1367, 1865, 1681, 1002, 2916, 1638, 933, 2088, 868, 1684, 5901, 911, 1432, 1725, 2852, 1262, 2684, 1299, 2287, 2037, 1888, 1087, 2529, 1961, 1280, 2249, 1544, 3076, 1642, 1497, 3879, 2670, 2363, 1763, 2196, 4703, 1848, 2582, 2557, 1049, 1273, 4392, 1097, 1434, 1066, 3132, 767, 1274, 1246, 5704)

[]
Jacobi: 
Seed: 6

Test:
No precond: Mean: 2592.604, median: 2352.0, std: 1519.819, percent: 2529.58, flag: 0 
	(2715, 3282, 1557, 1481, 1423, 2980, 3195, 2731, 1380, 2780, 1495, 1795, 3861, 2497, 1855, 5326, 1754, 2960, 1031, 2180, 1684, 2459, 3415, 2315, 1903, 3423, 3107, 3160, 3374, 3941, 4662, 3559, 1161, 1245, 3558, 2969, 3725, 1639, 1477, 3869, 3320, 6252, 1375, 1875, 5584, 1445, 2099, 2905, 2729, 2771, 1480, 2672, 7109, 1779, 2954, 1828, 727, 5473, 994, 1297, 787, 3694, 4521, 964, 1115, 2510, 2567, 2456, 4175, 1527, 3330, 3103, 1477, 1830, 2180, 4166, 2169, 1831, 1153, 2741, 1895, 1605, 2252, 2600, 3160, 2033, 1833, 2774, 2543, 1617, 4484, 1367, 1275, 2072, 1826, 2838, 2664, 1801, 1197, 2737, 1040, 2636, 2346, 1430, 1508, 2029, 1736, 4343, 1414, 3173, 1124, 1584, 3280, 1240, 2642, 4265, 797, 2604, 917, 4074, 1436, 1928, 1950, 2652, 1800, 3900, 1279, 2694, 3649, 2458, 4169, 2547, 3402, 1714, 1691, 1446, 2681, 913, 1558, 1055, 2080, 3700, 1279, 2857, 4512, 1538, 3853, 3347, 2776, 1559, 2349, 3624, 2630, 4464, 2012, 3256, 2319, 1953, 1974, 3550, 4354, 3636, 1414, 1315, 2670, 3524, 1695, 2636, 4325, 3461, 1281, 1103, 1788, 2137, 2967, 3297, 1898, 2708, 1847, 1905, 1559, 4220, 3213, 2158, 1575, 3177, 4262, 4759, 3788, 17905, 2791, 3112, 1466, 2755, 2109, 1207, 2338, 6169, 3747, 2537, 1779, 4299, 2083, 2753, 1789, 2201, 3160, 1479, 3154, 3006, 3411, 2750, 1106, 1831, 1183, 1215, 2191, 2386, 1303, 1641, 2211, 2355, 3382, 2195, 1351, 1144, 6040, 2498, 1572, 926, 1814, 1437, 4131, 2224, 1971, 2960, 3458, 3446, 1192, 1606, 7213, 2780, 949, 2455, 4755, 3646, 2313, 1324, 2841, 3238)

Last: Mean: 2302.7, median: 1905.0, std: 2959.268, percent: 2104.02, B: 224, W: 26, flag: 2 
	(2832, 2209, 1062, 1146, 946, 2556, 3268, 3161, 1082, 2332, 1481, 1609, 3521, 1601, 1391, 4323, 1663, 2850, 935, 1695, 1129, 2049, 2675, 1813, 1606, 2520, 2659, 2080, 2548, 3352, 4236, 3006, 1018, 1030, 3122, 1988, 3131, 1355, 870, 3420, 3171, 4138, 1028, 1530, 4641, 1056, 1557, 2361, 2105, 2553, 1489, 2853, 4987, 1470, 2336, 1394, 479, 4722, 854, 734, 512, 3088, 2759, 674, 850, 2545, 1543, 2133, 4609, 1084, 1957, 3151, 1324, 1458, 1996, 3577, 1700, 1406, 935, 2326, 1339, 1750, 2262, 1778, 2459, 1374, 1297, 2553, 2162, 1425, 4034, 1092, 1015, 1957, 1284, 2194, 2279, 1523, 946, 1694, 634, 1997, 2130, 1146, 1364, 1867, 1058, 3649, 1048, 3114, 708, 1136, 2524, 980, 2713, 3112, 516, 2434, 557, 3122, 1194, 1485, 1867, 2325, 1308, 3511, 1189, 2719, 3282, 1988, 4191, 2126, 3497, 1613, 1635, 951, 2181, 751, 936, 745, 1614, 3490, 911, 2953, 4514, 1313, 3072, 3105, 1681, 1222, 2297, 2529, 1991, 3873, 1571, 2905, 1756, 1381, 1780, 1714, 3305, 3402, 1219, 1070, 3205, 2356, 1358, 3069, 3837, 4151, 906, 970, 1277, 2489, 2548, 2409, 1489, 2644, 1622, 1409, 899, 3108, 4047, 1738, 1032, 2758, 3755, 4242, 2936, 10290, 1892, 2602, 944, 3038, 1822, 813, 1702, 4081, 3547, 1840, 1538, 4078, 1797, 2443, 1489, 1342, 1918, 1176, 2842, 2512, 2483, 2210, 1063, 1454, 772, 769, 1920, 2189, 975, 1419, 1790, 1923, 2864, 2077, 914, 576, 45211, 2007, 1111, 851, 1439, 1228, 3319, 1631, 1756, 3403, 2175, 3365, 870, 1436, 7025, 2834, 783, 2185, 3533, 2782, 1881, 964, 3068, 2717)
