
14/02/2026, 21:03:06
Config file: ./config/config_median_0.ini
Data:
	1d_laplace_size: 45
	amount: 250
	params: 1 0.3
	seed: 0
	dim: 2025
Solver:
	tol: 1e-10
	max_iteration: None
Learn:
	iteration_count: 100
	step_range: 0.1
	method: median
	seed: 0
	scale: 1 0.5 0.25
Precondition:
	num_coef: 10

Train:
(0, 1): Mean: 2591.2, median: 2329.0, std: 1410.292, percent: 2501.12, B: 250, W: 0, 
	(3216, 1561, 2097, 12965, 3539, 2525, 1376, 2481, 1256, 2814, 1743, 1904, 1529, 2306, 3465, 1645, 3252, 4612, 2724, 3527, 2000, 1269, 2610, 1485, 2047, 1859, 1246, 3125, 2054, 2283, 3541, 2887, 3894, 1347, 1279, 2256, 1556, 2242, 2381, 2355, 1289, 2931, 1647, 2251, 1914, 3900, 1989, 1331, 6312, 2741, 1178, 2409, 1593, 496, 1779, 5438, 896, 923, 5241, 3295, 2739, 4575, 3009, 2157, 3080, 4833, 2226, 1484, 750, 2799, 1856, 4900, 3134, 2405, 2318, 2446, 1628, 1161, 1863, 1614, 1475, 1365, 3205, 1496, 1695, 1783, 1465, 927, 1716, 1731, 1604, 1005, 2613, 2724, 6266, 3319, 1291, 1332, 2339, 1288, 2499, 4330, 2060, 3324, 2723, 1936, 1171, 584, 2037, 3697, 3572, 1390, 3001, 1284, 1346, 2444, 2291, 2041, 1452, 2637, 4581, 2114, 2361, 1042, 3247, 1797, 2399, 1892, 1597, 2548, 1640, 3245, 2066, 5901, 2004, 2198, 5193, 2390, 2484, 2412, 3279, 7284, 3183, 1674, 3125, 2709, 4828, 2663, 4052, 3435, 1976, 3817, 2040, 1934, 2390, 939, 5645, 3175, 6368, 2107, 3657, 2599, 1928, 1987, 1075, 3664, 2447, 2116, 2440, 3087, 756, 2892, 948, 1046, 2210, 1720, 2609, 1841, 1494, 4337, 3482, 2233, 2442, 2460, 2673, 1186, 1045, 6866, 2337, 3719, 2460, 1761, 1228, 3891, 3006, 2395, 3900, 1606, 3523, 3846, 2321, 4806, 1760, 1976, 2503, 1276, 3264, 3372, 2189, 535, 2532, 3437, 2027, 1357, 1862, 622, 3058, 2793, 1541, 3658, 1945, 4435, 4119, 1642, 3336, 2532, 6331, 1822, 3205, 2911, 1852, 6228, 2946, 1909, 5979, 1972, 2101, 1650, 2479, 1584, 1315, 2232, 2939, 1603, 5381, 2648, 3405, 3430, 1993, 3100)
(1, 2): Mean: 2536.032, median: 2277.0, std: 1316.949, percent: 2453.58, B: 134, W: 115, 
	(3019, 1593, 1889, 11576, 2736, 2575, 1309, 2589, 1187, 3006, 1868, 2074, 1501, 2618, 4375, 1596, 3500, 4430, 2762, 4306, 1639, 1131, 2380, 1394, 2137, 1996, 1329, 2667, 2373, 2436, 3820, 2768, 3990, 1350, 1440, 2432, 1711, 2472, 2700, 2379, 1250, 3496, 1815, 2137, 1559, 3430, 1620, 1381, 5593, 2596, 1259, 2311, 1403, 345, 1896, 5939, 849, 910, 4650, 2935, 2611, 3632, 3498, 2157, 2907, 5191, 2179, 1378, 700, 2578, 1636, 3806, 2544, 2428, 2005, 2276, 1709, 1156, 1906, 1513, 1764, 1258, 2938, 1409, 1699, 1902, 1387, 1038, 1731, 1672, 1490, 893, 2527, 2509, 5834, 3076, 1261, 1355, 2626, 1149, 2497, 4693, 1669, 2827, 2699, 1935, 1206, 655, 2211, 3766, 3628, 1316, 2691, 1415, 1217, 2187, 1991, 2055, 1450, 2788, 4720, 2263, 2386, 901, 2581, 1946, 2801, 2222, 1551, 2276, 1620, 2719, 2399, 5970, 2077, 2061, 3846, 2344, 2706, 2470, 3000, 7247, 2817, 1899, 3230, 2716, 4464, 2588, 3804, 3270, 1921, 3741, 1831, 2154, 2148, 896, 4626, 2902, 5868, 2047, 3387, 2714, 2158, 1990, 1111, 3434, 2651, 2274, 2334, 3302, 832, 3104, 967, 1023, 2337, 1768, 2402, 1826, 1604, 3604, 3548, 1925, 2278, 1942, 2762, 1312, 1236, 6897, 2193, 3278, 2138, 1764, 1136, 3375, 2880, 2337, 4439, 1733, 4060, 3051, 2032, 4865, 1668, 1982, 2123, 1408, 3555, 4063, 2206, 531, 2257, 3438, 2343, 1634, 1749, 705, 3341, 2529, 1825, 3342, 2422, 4253, 3749, 1693, 3219, 2894, 5697, 1832, 3408, 3043, 1896, 5493, 3254, 2158, 6011, 2030, 2000, 1642, 2095, 1524, 1253, 2412, 2810, 1438, 5316, 2858, 3000, 3274, 2080, 2873)
(2, 3): Mean: 2566.568, median: 2258.5, std: 1389.693, percent: 2531.66, B: 117, W: 133, 
	(2798, 1578, 1980, 13081, 2934, 2654, 1360, 2168, 1358, 3009, 1822, 1939, 1513, 2812, 4347, 1641, 4191, 4341, 2293, 5117, 1952, 1146, 2604, 1542, 2082, 2194, 1259, 2599, 1971, 2317, 4132, 2958, 4590, 1446, 1289, 2310, 1532, 2373, 2484, 2733, 1253, 2856, 1870, 2792, 1638, 3514, 1812, 1258, 6191, 3021, 1133, 2475, 1616, 409, 2065, 5659, 769, 1091, 4711, 3294, 2724, 4031, 3845, 2254, 3002, 5796, 2184, 1483, 888, 2688, 1603, 3828, 3137, 2415, 1962, 2137, 1598, 1228, 2205, 1617, 1648, 1278, 3429, 1520, 1586, 1894, 1477, 840, 1721, 1714, 1785, 1048, 2351, 2149, 5187, 3167, 1286, 1415, 2951, 1078, 2351, 4622, 1843, 3196, 2583, 1977, 1261, 735, 2064, 3432, 3257, 1373, 2707, 1329, 1409, 2325, 2114, 2113, 1574, 2700, 4355, 1982, 2444, 812, 2992, 2138, 2710, 1890, 1591, 2732, 1737, 2633, 2023, 6052, 1995, 1807, 4579, 2189, 2277, 2315, 3253, 6514, 2667, 1771, 3008, 2792, 4164, 2450, 4620, 3472, 1940, 3630, 2058, 2080, 1874, 912, 4338, 3351, 6551, 2089, 3694, 2389, 2032, 2263, 1049, 3266, 2828, 2285, 2829, 2872, 733, 3059, 1046, 974, 2101, 1700, 2264, 1551, 1341, 3348, 3963, 2006, 2207, 2380, 2670, 1201, 1259, 6719, 2237, 3223, 2221, 1625, 1044, 3675, 2871, 2416, 4230, 1482, 3869, 3464, 2123, 4969, 1751, 1665, 2205, 1173, 3698, 3573, 2222, 516, 2682, 3305, 2182, 1629, 1720, 812, 3236, 2803, 1553, 3635, 2423, 5213, 3951, 1598, 2740, 2550, 6216, 1847, 2742, 2899, 1719, 5977, 2937, 1830, 5502, 2284, 1780, 1514, 2045, 1484, 1288, 2535, 3000, 1854, 5226, 2254, 3482, 3505, 2270, 3362)
(3, 6): Mean: 2559.664, median: 2250.0, std: 1367.087, percent: 2427.62, B: 117, W: 133, 
	(3176, 1517, 1972, 12561, 3125, 2314, 1300, 2343, 1363, 3090, 1843, 2143, 1456, 2790, 3624, 1672, 3971, 4693, 2470, 4370, 1996, 1214, 2610, 1567, 2259, 2023, 1270, 2828, 1961, 2500, 4439, 3206, 4652, 1280, 1338, 2430, 1586, 2615, 2530, 2832, 1370, 3176, 1700, 2271, 1539, 3388, 1661, 1344, 5755, 3403, 1025, 2188, 1593, 450, 1762, 5419, 884, 942, 4769, 3093, 2647, 4583, 3109, 2480, 3183, 5053, 2206, 1505, 633, 2853, 1768, 4775, 2848, 2195, 1946, 2352, 1644, 1130, 2146, 1404, 1600, 1224, 3043, 1368, 1622, 1677, 1458, 869, 1651, 1798, 1687, 996, 2470, 2163, 5860, 3391, 1317, 1336, 2475, 1262, 2212, 5361, 1730, 2980, 2858, 1822, 1306, 579, 2073, 3616, 3317, 1456, 2808, 1423, 1302, 1915, 1998, 2080, 1274, 2748, 4055, 2115, 2365, 921, 2536, 2304, 2659, 2121, 1516, 2446, 1784, 2854, 2141, 6087, 2157, 2056, 4572, 2275, 2663, 2562, 2648, 5746, 3335, 1911, 2771, 2778, 4174, 2845, 3945, 3323, 1881, 3669, 2189, 2225, 2158, 867, 5078, 3045, 7317, 2241, 3587, 2508, 1962, 2171, 1083, 3116, 2636, 2080, 2352, 3049, 777, 2966, 958, 1149, 2312, 1679, 2313, 1686, 1421, 3430, 4331, 2079, 2005, 1963, 2561, 1566, 1113, 7152, 2199, 3464, 2578, 1571, 1050, 3425, 3088, 2174, 4180, 1597, 3408, 3110, 2334, 4633, 1760, 1774, 2241, 1221, 3078, 3991, 2346, 537, 2883, 3497, 2095, 1607, 1756, 815, 3152, 2469, 1851, 3487, 2271, 5019, 3421, 1790, 3085, 2086, 5711, 2117, 3028, 2807, 1772, 6314, 2934, 2008, 5481, 2173, 2152, 1565, 2199, 1653, 1410, 2302, 3048, 1396, 4436, 2791, 3446, 3166, 2173, 3205)
(23, 123): Mean: 2576.7, median: 2232.0, std: 1436.157, percent: 2440.42, B: 124, W: 126, 
	(3239, 1488, 1905, 13085, 2988, 2373, 1433, 2232, 1244, 2664, 1828, 1960, 1546, 2402, 4064, 1755, 4189, 5838, 2520, 4036, 1993, 1255, 2407, 1488, 2237, 2184, 1280, 2768, 1990, 2218, 3639, 2605, 4617, 1399, 1240, 2292, 1580, 2736, 2543, 2393, 1129, 3223, 1830, 2331, 1464, 3372, 1736, 1419, 6608, 2616, 1039, 2273, 1632, 523, 1835, 6126, 845, 1008, 4955, 2703, 3011, 5047, 3057, 2669, 3100, 5574, 2129, 1465, 650, 2709, 1446, 3885, 2861, 2621, 1965, 2330, 1677, 1340, 1944, 1571, 1745, 1223, 3168, 1486, 1737, 1679, 1429, 781, 1727, 1754, 1646, 952, 2794, 2314, 5753, 3611, 1272, 1379, 2587, 1168, 2293, 4300, 1798, 3135, 2995, 2017, 1155, 622, 2068, 3561, 3437, 1263, 2777, 1341, 1328, 2266, 2054, 2064, 1317, 2603, 4520, 2214, 2712, 1012, 2732, 2007, 2470, 2128, 1316, 2759, 1647, 2502, 2067, 6631, 1983, 2174, 4377, 2073, 2848, 2532, 2782, 6868, 2848, 1934, 3327, 2855, 4418, 2390, 4175, 3539, 2013, 3664, 1852, 2051, 2015, 933, 4835, 3007, 7035, 2232, 3501, 2709, 2194, 1865, 1451, 3245, 3101, 2151, 2233, 3202, 812, 3003, 1002, 1014, 2228, 1925, 2071, 1646, 1385, 3934, 4094, 1986, 2233, 2501, 2801, 1458, 1319, 6887, 2057, 3351, 2182, 1699, 1111, 3244, 3032, 2456, 4105, 1638, 3447, 3080, 2217, 6229, 1712, 1849, 2714, 1383, 2794, 4518, 2698, 528, 2336, 3137, 2068, 1597, 1912, 791, 3220, 2473, 1444, 3079, 2208, 4171, 3350, 1871, 2924, 2191, 5777, 1947, 2918, 2707, 1777, 7103, 3323, 1858, 6074, 2212, 1976, 1564, 2098, 1525, 1297, 2110, 3034, 1643, 4698, 2671, 3166, 3433, 2218, 2832)
(34, 185): Mean: 2533.256, median: 2218.0, std: 1388.795, percent: 2433.12, B: 138, W: 111, 
	(2986, 1439, 1817, 12947, 2993, 2572, 1388, 1966, 1330, 2763, 1889, 1926, 1416, 2444, 3410, 1767, 3971, 3926, 2464, 4128, 1956, 1184, 2526, 1502, 2217, 1889, 1361, 2628, 2028, 2164, 3484, 3060, 4683, 1298, 1176, 2489, 1714, 2593, 2335, 2309, 1320, 3031, 1709, 2547, 1829, 3549, 1736, 1186, 6209, 2678, 1088, 2500, 1365, 398, 1831, 6102, 786, 1182, 4948, 2918, 2592, 4195, 2865, 2449, 2833, 5237, 2197, 1256, 908, 2525, 1672, 4705, 2906, 2429, 2130, 2094, 1721, 1208, 2038, 1690, 1678, 1294, 3012, 1479, 1693, 1694, 1448, 896, 1791, 1777, 1657, 1049, 2410, 2612, 5289, 3409, 1184, 1318, 2253, 1141, 2575, 4442, 1646, 3239, 2536, 1892, 1306, 594, 2087, 3563, 2934, 1259, 2768, 1567, 1334, 1888, 2012, 2273, 1434, 2568, 4924, 2043, 2232, 893, 2794, 2085, 2774, 1844, 1531, 2497, 1552, 2982, 1972, 5481, 1913, 1950, 4573, 2151, 2724, 2602, 2845, 6359, 2505, 1798, 3005, 2714, 4890, 2542, 4130, 3074, 1974, 4002, 2258, 1890, 1992, 995, 4202, 3301, 6698, 1892, 3330, 2563, 1838, 2055, 1061, 3279, 2958, 2219, 2396, 2878, 888, 2617, 1066, 990, 2349, 1639, 2585, 1778, 1613, 3462, 4134, 1858, 2150, 2049, 2758, 1170, 1081, 7723, 2023, 3090, 2163, 1820, 1104, 3598, 2799, 2451, 4092, 1569, 3750, 3118, 2550, 5461, 1802, 1786, 2109, 1311, 3091, 3749, 2291, 519, 2535, 3120, 2089, 1532, 1681, 700, 3532, 2646, 1530, 3430, 2405, 4415, 3337, 1543, 3067, 2163, 6189, 2093, 3193, 2423, 1595, 6145, 2995, 2027, 6346, 2046, 1823, 1594, 2185, 1744, 1292, 2171, 3003, 1762, 4923, 2867, 3158, 3489, 2154, 3355)
(44, 242): Mean: 2519.048, median: 2215.5, std: 1370.72, percent: 2464.98, B: 134, W: 116, 
	(2975, 1469, 1982, 12057, 2987, 2371, 1207, 2319, 1278, 2722, 1721, 1786, 1500, 2372, 3567, 1475, 3553, 4782, 2370, 4683, 1867, 1044, 2273, 1420, 2228, 1846, 1447, 2627, 1956, 2367, 3903, 2913, 4829, 1209, 1224, 2484, 1696, 2402, 2559, 2351, 1230, 2937, 1800, 2124, 1656, 3705, 1608, 1226, 5490, 2496, 1120, 2373, 1565, 435, 1758, 4539, 971, 876, 4326, 3331, 2555, 4390, 3134, 2488, 3036, 5112, 2094, 1336, 689, 2412, 1769, 4089, 2885, 2756, 2065, 2284, 1591, 1299, 1946, 1578, 1602, 1274, 3587, 1314, 1532, 1629, 1508, 859, 1690, 1928, 1603, 1283, 2586, 2661, 6051, 3184, 1239, 1276, 2301, 1128, 2579, 4447, 1591, 3344, 3060, 1950, 1049, 601, 2225, 4003, 2794, 1382, 2603, 1326, 1420, 1943, 2011, 2293, 1337, 2477, 4778, 2163, 2753, 777, 2714, 2044, 2322, 2057, 1488, 2658, 1642, 2994, 1834, 6041, 1932, 2206, 5201, 2149, 2136, 2704, 3198, 6755, 2691, 1877, 2816, 2200, 4064, 2298, 4073, 3355, 1931, 3870, 2030, 2192, 2049, 1051, 4534, 3137, 7180, 2188, 3362, 2648, 2131, 1937, 1085, 3261, 2820, 1915, 2184, 2768, 822, 2766, 972, 1090, 2273, 1753, 2183, 1548, 1329, 3539, 3847, 2036, 2100, 1989, 2466, 1366, 1240, 6810, 2107, 3430, 2515, 1770, 1102, 3709, 2988, 2103, 3627, 1513, 3092, 2890, 1959, 5681, 1766, 1841, 2116, 1263, 3594, 3433, 2312, 476, 2554, 3609, 2184, 1469, 1687, 675, 3370, 2772, 1455, 3227, 2278, 4428, 3390, 1685, 2886, 2570, 7041, 2175, 2828, 2949, 1777, 5822, 3581, 2077, 6149, 1936, 1863, 1390, 2292, 1413, 1267, 2252, 3262, 1425, 4683, 2255, 3272, 3267, 2131, 3242)
(45, 245): Mean: 2509.0, median: 2207.0, std: 1324.957, percent: 2455.92, B: 119, W: 131, 
	(3186, 1480, 1876, 11817, 2938, 2528, 1384, 2185, 1284, 2692, 1972, 1880, 1349, 2458, 3638, 1642, 3867, 4196, 2872, 4107, 1683, 1132, 2553, 1418, 2113, 1902, 1555, 2354, 1971, 2146, 3991, 3044, 4223, 1430, 1315, 2310, 1687, 2345, 2454, 2597, 1211, 2721, 1653, 2212, 1847, 3344, 1577, 1325, 5972, 2375, 1044, 2364, 1581, 479, 1963, 4868, 873, 1220, 4283, 3275, 2788, 4734, 3570, 2684, 2972, 5432, 2157, 1354, 729, 2601, 1556, 4042, 2983, 2484, 1862, 2317, 1467, 1095, 1768, 1394, 1808, 1172, 3214, 1471, 1820, 1772, 1241, 865, 1458, 1797, 1553, 1048, 2778, 2482, 6071, 3209, 1302, 1328, 2667, 1188, 2897, 5402, 1756, 3076, 2632, 1783, 1317, 522, 2142, 3232, 3125, 1398, 2630, 1243, 1429, 1963, 2198, 2407, 1405, 2488, 4979, 1996, 2409, 895, 2576, 2265, 2422, 1997, 1524, 2381, 1874, 2576, 2063, 5479, 2183, 2074, 4611, 2067, 2417, 2507, 3078, 6577, 3093, 2041, 3010, 2515, 3948, 2432, 3616, 3618, 2015, 3407, 2158, 2492, 1730, 1057, 4294, 3367, 5590, 2192, 3429, 2508, 1957, 1962, 1199, 3165, 2752, 2017, 2401, 3298, 693, 3249, 895, 948, 2398, 1732, 2198, 1580, 1289, 3655, 3571, 1929, 2062, 2042, 2496, 1288, 1166, 7352, 2158, 3957, 2275, 1811, 1040, 3006, 3011, 2338, 3555, 1518, 3783, 3069, 1962, 4185, 1614, 1906, 2014, 1253, 3879, 3604, 2088, 507, 2693, 3446, 2187, 1458, 1706, 800, 3258, 2522, 1632, 3637, 2186, 4623, 3262, 1439, 3141, 2224, 6474, 1918, 2967, 2829, 1787, 5241, 3265, 2078, 5681, 1921, 1828, 1466, 2262, 1672, 1265, 2202, 2673, 1525, 5501, 2243, 3499, 3164, 2024, 3223)
(47, 254): Mean: 2537.072, median: 2198.0, std: 1392.902, percent: 2473.72, B: 123, W: 126, 
	(2936, 1510, 2189, 11162, 3233, 2415, 1308, 2030, 1232, 2729, 1884, 2078, 1459, 2160, 3163, 1485, 3904, 4020, 2233, 4334, 1879, 1090, 2414, 1558, 2025, 2094, 1269, 2920, 1937, 2183, 3785, 2886, 4123, 1574, 1232, 2189, 1486, 2274, 2511, 2438, 1202, 3100, 1586, 2287, 1472, 4173, 1618, 1169, 5765, 2186, 1231, 2223, 1487, 405, 1915, 5734, 951, 1092, 5514, 3112, 2526, 4163, 3417, 2613, 2980, 5122, 2321, 1414, 700, 2669, 1494, 4794, 2897, 2321, 2122, 2153, 1571, 1292, 1913, 1320, 1691, 1177, 3053, 1503, 1654, 1609, 1360, 764, 1578, 1775, 1650, 1197, 2795, 2538, 4858, 2815, 1397, 1366, 2439, 1227, 2407, 4713, 1717, 3200, 2814, 1861, 1096, 568, 1928, 3879, 2998, 1416, 2634, 1343, 1388, 2109, 2179, 2114, 1530, 2619, 5183, 2052, 2141, 997, 2443, 1943, 2317, 1954, 1476, 2144, 1562, 2847, 1797, 7142, 2015, 1595, 5339, 2292, 2529, 2203, 2976, 6535, 3413, 1757, 2721, 2597, 4180, 2281, 4141, 3115, 1898, 3281, 1896, 2309, 1843, 1025, 4438, 3231, 7165, 2126, 3472, 2654, 1887, 2228, 1158, 3155, 2624, 2057, 2215, 2965, 722, 2883, 925, 1053, 2424, 1810, 2149, 1643, 1297, 3799, 3797, 1899, 2193, 1959, 2547, 1393, 1058, 8127, 2166, 3518, 2300, 1805, 1160, 3268, 2912, 2512, 4321, 1599, 3584, 3522, 2502, 5104, 1667, 1949, 2526, 1264, 3253, 3340, 2502, 589, 2930, 3558, 2409, 1458, 1718, 802, 3079, 2736, 1606, 3503, 2429, 4583, 3747, 1882, 2955, 2344, 6653, 2078, 2976, 2421, 1741, 7097, 3276, 2017, 6230, 2115, 1779, 1525, 2014, 1743, 1447, 2501, 3238, 1524, 5019, 2235, 3279, 3795, 2099, 3058)
(50, 267): Mean: 2515.784, median: 2197.0, std: 1353.85, percent: 2438.2, B: 131, W: 118, 
	(2548, 1451, 2006, 12288, 3193, 2506, 1283, 2087, 1208, 3027, 2037, 1961, 1504, 2347, 3743, 1565, 3867, 4663, 2354, 5088, 1580, 1053, 2786, 1508, 2074, 1905, 1465, 3095, 1859, 2307, 3597, 3157, 4227, 1434, 1194, 2366, 1439, 2348, 2538, 2555, 1283, 3046, 1619, 2470, 1399, 3240, 1638, 1169, 6699, 2795, 1054, 2234, 1492, 400, 1728, 5842, 1001, 893, 4910, 3506, 2338, 4140, 3177, 2329, 3191, 4792, 2104, 1322, 794, 2719, 1830, 4302, 2641, 2608, 1960, 2300, 1807, 1183, 2020, 1499, 1680, 1273, 3412, 1348, 1565, 1638, 1530, 794, 1662, 1773, 1548, 1089, 2514, 2285, 6005, 3020, 1323, 1235, 2425, 1084, 2599, 4473, 1581, 3231, 2619, 1809, 1261, 663, 2112, 3323, 3598, 1345, 2903, 1317, 1275, 2088, 1909, 2369, 1322, 2554, 5046, 2087, 2196, 804, 2700, 2085, 2604, 1986, 1621, 2463, 1768, 2349, 1976, 5727, 1933, 2067, 5153, 2178, 2757, 2684, 2897, 5750, 2913, 1822, 3048, 2620, 4020, 2519, 3538, 3239, 1869, 3508, 1996, 2098, 1971, 933, 4417, 3105, 6472, 2045, 3515, 3032, 1841, 2011, 998, 3018, 2669, 2092, 2471, 3149, 793, 2822, 973, 1006, 2161, 1783, 2296, 1488, 1383, 3791, 4103, 2110, 2061, 2470, 2668, 1337, 1186, 5945, 2198, 3012, 2002, 1812, 1112, 3696, 3344, 2261, 3779, 1610, 4103, 3164, 1961, 5895, 1637, 1867, 2247, 1261, 2830, 3192, 2391, 506, 2493, 3254, 2172, 1293, 1713, 683, 3641, 2660, 1726, 3475, 2066, 4414, 3103, 1711, 3305, 2004, 5605, 2014, 3183, 2928, 1766, 5695, 3288, 1891, 5824, 2162, 1714, 1613, 2097, 1457, 1533, 2132, 2754, 1713, 5477, 2364, 2946, 3300, 2354, 3166)
(52, 279): Mean: 2503.036, median: 2181.0, std: 1356.123, percent: 2430.82, B: 126, W: 124, 
	(3149, 1590, 1833, 12249, 3606, 2516, 1436, 2083, 1213, 3238, 2054, 1908, 1530, 2495, 3532, 1499, 3466, 4282, 2717, 3889, 1802, 1110, 2554, 1314, 2227, 1859, 1568, 2371, 1676, 2066, 3778, 2924, 3809, 1339, 1237, 2260, 1579, 2050, 2509, 2217, 1203, 2853, 1603, 2220, 1480, 3775, 1560, 1275, 5557, 2487, 1088, 2360, 1400, 450, 1671, 5319, 823, 1139, 5046, 3276, 2500, 4052, 2758, 2714, 2515, 4744, 2446, 1910, 844, 2754, 1529, 4433, 2546, 2427, 1998, 2377, 1629, 1238, 1849, 1570, 1578, 1209, 2813, 1475, 1901, 1756, 1299, 858, 1749, 1912, 1528, 1100, 2948, 2294, 6571, 3481, 1255, 1217, 2305, 1037, 2466, 4947, 1530, 3437, 2458, 1867, 1313, 625, 2190, 3784, 3755, 1256, 2954, 1395, 1320, 2583, 2167, 2081, 1390, 2790, 4566, 2132, 2138, 1009, 2901, 1973, 2665, 1826, 1511, 2508, 1789, 2848, 1916, 6505, 1953, 1856, 5321, 2406, 2732, 2562, 2697, 6604, 2985, 1900, 3026, 2508, 4252, 2580, 3916, 3097, 1975, 3212, 2185, 2138, 1918, 892, 5130, 3157, 7475, 1796, 3331, 2716, 2097, 1969, 1077, 3337, 3046, 1996, 2253, 2948, 733, 3021, 920, 840, 2177, 1668, 2124, 1405, 1411, 3677, 4082, 1997, 2072, 1810, 2287, 1321, 1128, 5902, 2128, 3027, 2186, 1579, 1092, 3976, 2935, 2211, 3877, 1579, 4039, 3228, 2114, 3974, 1814, 2035, 2121, 1266, 3009, 3038, 2098, 480, 2511, 3252, 2049, 1305, 1658, 769, 3210, 2492, 1745, 3185, 2278, 5116, 2998, 1689, 2749, 2125, 6106, 1894, 3206, 2733, 1955, 5278, 3318, 1996, 5484, 1960, 1783, 1801, 2153, 1488, 1354, 2139, 2851, 1337, 5168, 2528, 3094, 3475, 2338, 2932)
(76, 423): Mean: 2527.036, median: 2176.5, std: 1423.178, percent: 2443.62, B: 115, W: 135, 
	(2925, 1588, 1857, 13082, 3708, 2534, 1209, 2164, 1239, 2727, 1964, 2061, 1373, 2422, 3524, 1562, 3740, 4532, 2154, 5902, 1537, 1178, 2499, 1577, 2285, 1996, 1292, 2847, 1809, 2562, 3490, 3069, 4030, 1503, 1051, 2158, 1594, 2500, 2357, 2592, 1236, 2741, 1729, 2418, 1852, 3583, 1672, 1343, 5304, 2644, 1095, 2290, 1533, 434, 1645, 4387, 925, 1002, 4376, 2986, 2479, 4482, 3123, 2299, 3251, 5817, 2612, 1361, 866, 2854, 1662, 4024, 2557, 2411, 2029, 2589, 1787, 1194, 1863, 1454, 1499, 1155, 3218, 1309, 1717, 1638, 1343, 956, 1621, 1883, 1586, 1318, 2529, 2047, 6246, 2800, 1280, 1274, 2377, 1201, 2500, 4569, 1700, 3188, 3142, 1943, 1163, 683, 2339, 3577, 3631, 1189, 2722, 1300, 1367, 2017, 2195, 1983, 1274, 2509, 4664, 1839, 2373, 1135, 2692, 1896, 2701, 1832, 1368, 2320, 1670, 2522, 1933, 5917, 2118, 1979, 4654, 1990, 2255, 2189, 2830, 6720, 3267, 1736, 2766, 2674, 4546, 2350, 3661, 3566, 2013, 3450, 1834, 2125, 1839, 913, 4933, 3447, 6077, 2129, 3375, 2650, 1894, 1822, 1097, 3196, 2850, 1937, 2256, 2681, 848, 3052, 1016, 1099, 2206, 1629, 2271, 1560, 1355, 3880, 3735, 1872, 1832, 2026, 2513, 1310, 1142, 8104, 2130, 3090, 2588, 1842, 1060, 3190, 3111, 2087, 3756, 1620, 3621, 3019, 2122, 5432, 1794, 1790, 2432, 1229, 3386, 3850, 2112, 410, 2573, 3202, 2009, 1371, 1624, 671, 3021, 2585, 1608, 3958, 2194, 5147, 3544, 2029, 3030, 1926, 7154, 1918, 2784, 3029, 1890, 6131, 2975, 2046, 6026, 2087, 1845, 1602, 2204, 1614, 1255, 2162, 3038, 1384, 5122, 2907, 3293, 3514, 2036, 3359)

Test:
No precond: Mean: 2497.244, median: 2230.5, std: 1214.669, percent: 2491.02, flag: 0 
	(950, 1877, 1941, 3744, 1247, 5987, 1591, 2381, 2752, 2719, 2593, 1137, 1253, 4091, 1708, 6313, 1086, 1351, 2778, 2363, 2458, 3768, 1766, 673, 2961, 2180, 1841, 2736, 5944, 3685, 3480, 2306, 2914, 2443, 1792, 2633, 2141, 4723, 964, 5409, 1415, 1365, 2197, 2119, 4040, 2732, 2921, 4361, 3014, 957, 2406, 2700, 1016, 2727, 1027, 2206, 4471, 5667, 1023, 2254, 1165, 1674, 3359, 1425, 1789, 2027, 2275, 3964, 2649, 2021, 4787, 1110, 2587, 2272, 1938, 2301, 5418, 2672, 1851, 975, 2245, 1659, 1756, 2166, 2142, 1639, 2126, 577, 1965, 3532, 3207, 1680, 1477, 2114, 2249, 1844, 6588, 3956, 3429, 1896, 2283, 2294, 1954, 1963, 5632, 2312, 1484, 5220, 3578, 1482, 1083, 1703, 2010, 1982, 2121, 1963, 1474, 3246, 3444, 1895, 1519, 1214, 1727, 3619, 2218, 2905, 1983, 1012, 3293, 1160, 4712, 3107, 2411, 2979, 3354, 1456, 2438, 1712, 1625, 2868, 1529, 2304, 1987, 1497, 3180, 721, 1195, 1917, 1328, 924, 3485, 814, 4130, 3147, 3932, 2682, 3182, 1594, 2130, 2582, 1685, 1483, 3374, 4695, 2891, 3307, 3968, 3869, 2384, 1420, 3376, 2724, 4297, 1429, 1424, 3804, 2088, 3379, 1458, 3026, 1638, 3871, 1794, 779, 5650, 893, 4333, 1585, 2784, 1212, 2860, 2502, 1756, 1301, 1700, 1520, 1457, 2108, 2847, 1731, 5055, 3275, 801, 1719, 2677, 3232, 2390, 1571, 1775, 1773, 5055, 2885, 1386, 2727, 1195, 3078, 5249, 2163, 1890, 1574, 3070, 1313, 3534, 2465, 1861, 6735, 3555, 3290, 1992, 2142, 4196, 414, 3297, 4340, 1567, 4321, 2878, 2612, 1249, 1405, 2994, 2379, 2402, 2623, 2127, 1920, 1607, 2076, 2243, 1334)

Jacobi: Mean: 2079.96, median: 1846.5, std: 1147.316, percent: 2054.8, BvN: 230, WvN: 20, flag: 0
	(743, 1369, 1195, 3231, 1009, 7387, 1727, 1614, 2239, 2554, 2275, 1024, 1025, 5804, 1392, 6411, 954, 1206, 2706, 1704, 2675, 2968, 1375, 575, 2623, 1668, 1803, 2268, 6098, 2546, 3110, 2118, 2038, 1593, 1423, 2732, 1976, 4085, 744, 6085, 1046, 1389, 1646, 1666, 2604, 1925, 2403, 3549, 2445, 862, 1575, 2241, 624, 2549, 759, 2428, 3182, 3671, 798, 1894, 1201, 1351, 2818, 1136, 1333, 1661, 1858, 4547, 1978, 1662, 3927, 766, 2296, 1997, 1257, 2321, 5079, 2090, 1426, 630, 1914, 1333, 1370, 1692, 1945, 1182, 1937, 385, 1552, 2907, 2769, 1315, 1330, 1709, 1746, 1488, 4297, 3849, 2967, 1630, 1962, 1618, 1884, 1519, 5188, 1964, 1223, 4390, 2857, 998, 753, 1422, 1762, 1366, 1818, 1835, 1100, 2322, 2520, 1718, 1195, 883, 1435, 2633, 2034, 2510, 1484, 787, 2648, 793, 4577, 2329, 1947, 2536, 2555, 1334, 1899, 1378, 1208, 1982, 1252, 1917, 1642, 1197, 3899, 524, 828, 1798, 948, 724, 3138, 538, 4350, 2747, 3355, 2293, 2085, 1131, 1862, 1436, 1299, 851, 2879, 3337, 2748, 2963, 2972, 3018, 2269, 1145, 3289, 1992, 3374, 1441, 1136, 3043, 1875, 2666, 1316, 2061, 1284, 3206, 1368, 568, 4790, 833, 2808, 1211, 3047, 830, 2581, 1833, 1583, 963, 1240, 1198, 1172, 1538, 2347, 1539, 3445, 2356, 499, 1474, 2228, 2595, 1739, 1293, 1298, 1665, 3433, 2055, 1090, 2758, 995, 2370, 5143, 1586, 1301, 1222, 2737, 994, 3193, 1869, 1662, 4635, 2344, 2330, 1485, 2023, 3689, 325, 4013, 2987, 1247, 4158, 2050, 1719, 893, 877, 2201, 2069, 2307, 1994, 1959, 1607, 1329, 1677, 2358, 1092)

Last: Mean: 2464.348, median: 2206.5, std: 1232.734, percent: 2409.16, BvN: 144, WvN: 106, BvJ: 21, WvJ 229, flag: 0 
	(958, 1675, 1962, 3835, 1229, 7379, 1928, 2574, 2808, 2829, 2551, 1295, 1233, 4289, 1823, 6667, 1006, 1296, 2445, 2449, 2517, 3163, 1556, 732, 3281, 2034, 1813, 2652, 5566, 3549, 3033, 2429, 2590, 2298, 1791, 3181, 2541, 5288, 1008, 5173, 1342, 1287, 1907, 2195, 2963, 2341, 3090, 4262, 3258, 949, 2398, 2952, 1120, 2835, 1037, 2310, 4170, 5866, 943, 2152, 1274, 1537, 3534, 1393, 1793, 1974, 2180, 3735, 2475, 1989, 4647, 1058, 2802, 2177, 1692, 2103, 5658, 2734, 1762, 894, 2259, 1522, 1655, 2000, 2071, 1482, 2232, 598, 1947, 3727, 2922, 1486, 1613, 2269, 2220, 1938, 7072, 4425, 3398, 1864, 2197, 1970, 1872, 1633, 5961, 2159, 1327, 4981, 4147, 1418, 1043, 1672, 2211, 1737, 2174, 2191, 1351, 2726, 3153, 1596, 1490, 1202, 1846, 3397, 2334, 3187, 1894, 946, 2925, 1094, 5400, 2682, 2646, 2897, 3039, 1821, 2511, 1611, 1604, 2472, 1560, 2147, 2017, 1567, 3213, 758, 1081, 2097, 1288, 910, 3612, 858, 3955, 2899, 4329, 2202, 2842, 1386, 2267, 2140, 1647, 1450, 3379, 4873, 3264, 2887, 3311, 3469, 2725, 1466, 3492, 2455, 4456, 1561, 1323, 3166, 1896, 3256, 1483, 2767, 1714, 2970, 1741, 804, 6568, 811, 4124, 1597, 3566, 931, 2822, 2218, 1906, 1369, 1724, 1516, 1721, 1868, 2783, 1729, 3641, 2841, 758, 1910, 2608, 3268, 2490, 1575, 1992, 2084, 4464, 2567, 1370, 3107, 1262, 3212, 4740, 2060, 1680, 1518, 3296, 1286, 3449, 2224, 1775, 5558, 2836, 2736, 2535, 2544, 5116, 428, 3613, 3523, 1486, 4468, 2567, 2362, 1205, 1256, 2542, 2687, 2323, 2812, 2093, 1973, 1592, 2299, 2678, 1311)

[-0.02614793 -0.018056   -0.02520259  0.04427244 -0.0270412   0.06401084
  0.11009437  0.06027026  0.03629409  0.06808797]

14/02/2026, 22:49:24
Config file: ./config/config_median_1.ini
Data:
	1d_laplace_size: 45
	amount: 250
	params: 1 0.3
	seed: 1
	dim: 2025
Solver:
	tol: 1e-10
	max_iteration: None
Learn:
	iteration_count: 100
	step_range: 0.1
	method: median
	seed: 1
	scale: 1 0.5 0.25
Precondition:
	num_coef: 10

Train:
(0, 2): Mean: 2507.74, median: 2326.5, std: 1098.46, percent: 2528.72, B: 250, W: 0, 
	(2085, 1592, 1590, 3177, 3638, 2388, 2195, 3927, 1800, 3634, 2188, 3402, 2632, 2293, 1513, 2436, 3647, 3135, 3714, 2012, 1662, 2150, 1327, 2189, 1749, 1213, 3050, 1318, 1101, 2449, 3387, 2811, 2160, 952, 1458, 3443, 2415, 2112, 2381, 1970, 2085, 1465, 493, 2295, 2874, 2049, 2475, 2455, 2437, 2422, 2827, 3847, 2107, 2424, 3592, 2992, 1632, 3072, 4726, 3624, 2276, 2564, 4310, 1622, 2752, 2441, 2955, 955, 7493, 2275, 2240, 1120, 5085, 2330, 3943, 4202, 2634, 2207, 2772, 1919, 2672, 2796, 2489, 4230, 2062, 2708, 2892, 998, 2389, 3836, 2777, 2324, 3212, 1493, 2329, 3456, 1209, 3595, 2227, 2421, 606, 1568, 857, 2371, 2019, 2457, 1301, 1788, 3125, 1973, 2497, 3384, 2040, 5491, 2310, 3571, 2631, 1566, 2231, 4984, 2199, 1827, 1908, 2492, 3980, 3039, 6973, 3206, 4703, 2632, 1985, 895, 1821, 1524, 1916, 1468, 2728, 1236, 2468, 2100, 2301, 3875, 2113, 2959, 4927, 3873, 3254, 2923, 2278, 983, 1625, 2273, 1471, 2678, 2685, 1653, 2120, 1879, 2409, 1795, 3251, 1382, 1551, 2956, 1548, 1949, 3905, 2283, 3884, 1925, 4820, 2171, 3374, 1995, 4045, 2249, 2270, 2482, 3337, 2293, 1425, 2928, 1989, 2389, 5309, 3416, 1369, 3060, 2461, 3154, 1473, 2906, 1058, 1491, 2156, 1767, 1446, 2403, 2410, 2395, 4195, 1002, 760, 1198, 2190, 2186, 3070, 2535, 3033, 2424, 1702, 2699, 1768, 2852, 801, 2203, 1955, 1058, 5398, 1385, 3569, 1609, 1468, 1447, 1770, 473, 1811, 4729, 4149, 2734, 858, 4188, 4122, 1639, 5012, 1121, 2809, 2553, 1195, 5417, 1392, 1880, 1842, 1633, 3342, 1251, 4271, 3459, 2042, 1719)
(1, 3): Mean: 2475.892, median: 2299.5, std: 1064.139, percent: 2443.98, B: 134, W: 116, 
	(2237, 1373, 1663, 3103, 3336, 2363, 2122, 3871, 1877, 3089, 2441, 3114, 2759, 2133, 1484, 2381, 4349, 3167, 4213, 1819, 1735, 2450, 1303, 2544, 1500, 1185, 3008, 1469, 1185, 2875, 3142, 2733, 2534, 839, 1513, 3012, 2510, 2146, 2368, 2291, 2036, 1540, 612, 2347, 2612, 2040, 2731, 2109, 2326, 2225, 2514, 4151, 1969, 2626, 3903, 2955, 1615, 2797, 4612, 3309, 1955, 2680, 4069, 1708, 2571, 2646, 2934, 1018, 6005, 1859, 2352, 953, 4387, 2107, 3489, 4133, 2453, 2652, 3040, 1831, 2338, 2115, 3123, 4308, 2241, 2716, 2743, 1013, 2541, 3815, 2647, 2431, 3679, 1367, 1859, 2560, 1304, 3782, 2262, 2455, 703, 1496, 839, 2287, 2144, 2849, 1217, 1837, 3688, 2061, 2641, 3675, 2178, 5146, 2162, 3378, 2812, 1122, 2087, 3887, 2503, 2154, 1911, 2813, 4124, 2825, 7218, 3040, 4657, 2477, 2029, 864, 1732, 1893, 1777, 1516, 2218, 1414, 2563, 2145, 2115, 3885, 2132, 3259, 4355, 4492, 2817, 2529, 2046, 1089, 1103, 2016, 1462, 2996, 2995, 1873, 2018, 1825, 2234, 1802, 3048, 1491, 1418, 2491, 1617, 2072, 3604, 2337, 3303, 1920, 5061, 2001, 2766, 1921, 4037, 2371, 2123, 2395, 2995, 2130, 1359, 3002, 1882, 2560, 5193, 3959, 1573, 3076, 2288, 3310, 1456, 2860, 982, 1496, 2114, 2088, 1194, 2221, 2306, 2139, 4643, 937, 853, 1201, 1877, 2171, 2882, 2654, 3097, 2212, 1457, 3301, 1720, 3157, 863, 2427, 1697, 1160, 5518, 1258, 3763, 1643, 1442, 1597, 1797, 566, 1801, 4152, 3391, 2627, 718, 3771, 4260, 1846, 5905, 1076, 3223, 2696, 1507, 4636, 1374, 1970, 1382, 1548, 3487, 1253, 3946, 2824, 2293, 1704)
(2, 5): Mean: 2497.036, median: 2251.5, std: 1097.536, percent: 2460.78, B: 124, W: 125, 
	(2077, 1299, 1760, 3301, 3673, 2322, 2193, 3798, 1999, 3710, 2120, 3074, 2984, 2178, 1157, 2179, 4753, 3574, 4085, 2092, 1644, 2221, 1086, 2254, 1648, 1322, 3594, 1275, 1104, 2706, 3258, 2566, 2446, 910, 1409, 3057, 2373, 1984, 2429, 2217, 2169, 1517, 540, 2172, 3060, 2121, 2986, 2163, 2249, 2240, 2647, 3397, 2129, 2791, 3489, 3484, 1572, 3226, 4883, 3430, 2381, 2619, 4340, 1702, 2400, 2503, 3279, 1052, 6505, 2049, 2207, 1005, 3993, 2379, 4096, 3789, 2671, 2572, 2792, 2098, 2242, 2428, 2877, 4340, 2067, 2618, 2804, 854, 2468, 3937, 2813, 2261, 3487, 1732, 1927, 2884, 1278, 3474, 2133, 2568, 564, 1601, 1028, 2703, 2549, 2506, 1188, 1688, 3388, 2044, 2515, 3510, 2054, 6117, 2153, 3211, 2958, 1245, 2354, 5199, 2146, 1988, 2187, 2765, 3854, 3076, 7120, 3348, 3926, 2661, 1870, 870, 1889, 1562, 1793, 1359, 2325, 1405, 2360, 2127, 2151, 3695, 1945, 2710, 4593, 4032, 3403, 2500, 1862, 898, 1434, 1740, 1774, 2732, 2589, 1769, 2137, 2190, 2079, 1790, 3945, 1502, 1418, 2716, 1587, 2167, 3352, 2396, 3590, 2115, 4979, 2027, 2711, 2082, 3262, 2091, 2030, 2501, 3322, 2615, 1645, 2701, 1949, 2650, 4945, 3696, 1610, 2875, 2456, 3800, 1307, 3167, 1042, 1360, 2340, 1843, 1174, 2045, 2428, 2177, 4481, 981, 691, 1211, 1784, 2231, 3086, 2740, 3356, 2231, 1425, 3401, 1879, 3031, 826, 2017, 2153, 1273, 5771, 1294, 3856, 1430, 1462, 1405, 1731, 599, 1849, 4050, 4009, 3113, 773, 3643, 4221, 1899, 5447, 1032, 3470, 2825, 1175, 5022, 1245, 1524, 1604, 1636, 3078, 1166, 4380, 2465, 2038, 1683)
(15, 78): Mean: 2463.356, median: 2248.0, std: 1080.951, percent: 2400.7, B: 131, W: 118, 
	(2284, 1377, 1588, 2873, 3592, 2096, 2368, 4235, 2034, 3153, 2182, 3217, 3107, 2248, 1246, 2228, 4203, 3507, 3915, 2055, 1694, 2470, 1246, 2134, 1588, 1200, 3024, 1282, 1072, 2468, 3355, 2712, 2517, 811, 1561, 3076, 2307, 1795, 2668, 2067, 2077, 1602, 517, 2276, 2993, 1971, 3154, 2736, 2373, 2207, 2776, 3918, 2035, 2287, 3475, 3690, 1750, 2841, 4530, 4178, 2471, 2542, 3932, 1433, 3011, 2484, 3184, 923, 6643, 2120, 2143, 924, 4014, 2131, 3102, 3998, 2617, 2391, 2815, 2063, 2288, 2429, 2404, 5254, 1893, 2383, 2864, 933, 2825, 3486, 2639, 2214, 3605, 1521, 2230, 2678, 1174, 3162, 2128, 2554, 607, 1622, 834, 2262, 2243, 2626, 1209, 1694, 3795, 2024, 2933, 3249, 1993, 5695, 2119, 3384, 2360, 1211, 2142, 5317, 2158, 1880, 2248, 2834, 4496, 3077, 6163, 2891, 3427, 2970, 1749, 934, 1688, 1562, 1846, 1495, 2704, 1263, 2371, 2104, 1926, 3999, 2039, 2900, 4615, 4329, 3238, 2540, 2151, 913, 1444, 2277, 1547, 2706, 2731, 1704, 1999, 2198, 2038, 1666, 3378, 1807, 1252, 2530, 1698, 2002, 3609, 2266, 4264, 1949, 4836, 1872, 3063, 2011, 3792, 2153, 2153, 2198, 3287, 2151, 1572, 2989, 2216, 2463, 5203, 3318, 1480, 2794, 2420, 2829, 1403, 2968, 1041, 1381, 1944, 2019, 1227, 2030, 2458, 2088, 4241, 1025, 778, 1268, 1809, 2131, 3146, 2709, 3162, 2090, 1309, 2963, 1629, 3348, 832, 2102, 1741, 1058, 6738, 1325, 3206, 1667, 1431, 1436, 1879, 590, 1769, 3347, 3058, 2708, 806, 3635, 3940, 1613, 5620, 1053, 2854, 2394, 1356, 4559, 1396, 2015, 1694, 1510, 3086, 1270, 3963, 3149, 1846, 1786)
(79, 459): Mean: 2494.816, median: 2242.0, std: 1088.298, percent: 2502.38, B: 109, W: 141, 
	(2178, 1375, 1748, 2813, 3798, 2421, 2543, 3178, 1854, 3451, 2153, 3543, 3256, 2297, 1721, 2170, 3850, 3717, 3779, 1896, 1638, 2372, 1138, 2144, 1680, 1137, 2948, 1293, 1104, 2525, 3142, 2563, 2201, 846, 1399, 3444, 2296, 1867, 2859, 2226, 2205, 1653, 568, 2419, 2719, 2127, 2871, 2784, 2249, 2192, 2790, 3755, 2152, 2559, 3057, 3592, 1542, 2866, 5023, 3398, 2207, 2675, 4228, 1627, 2880, 2279, 3759, 1007, 6360, 1877, 2520, 1030, 4302, 2139, 4093, 4355, 2553, 2678, 3261, 1985, 2354, 2572, 2767, 4853, 2082, 2402, 2771, 936, 2592, 4136, 2848, 2103, 3678, 1412, 1960, 3160, 1202, 3139, 2246, 2577, 631, 1456, 1089, 2387, 2197, 2665, 1248, 1663, 3717, 1922, 2732, 3119, 2067, 5347, 2049, 3491, 2535, 1197, 2183, 4495, 2529, 1917, 1874, 2339, 3868, 3385, 5968, 3211, 4423, 2934, 1895, 1037, 1671, 1598, 1903, 1866, 2733, 1305, 2320, 1850, 2054, 4192, 2028, 2945, 4785, 3327, 2946, 2536, 1977, 680, 1393, 1617, 1513, 2901, 2562, 1888, 2096, 2094, 2367, 1752, 3300, 1510, 1437, 2524, 1585, 2092, 3978, 2213, 3952, 1902, 4904, 1961, 2792, 2077, 4003, 2281, 2028, 2214, 3393, 2133, 1376, 3199, 2236, 3038, 5334, 3257, 1521, 3679, 2231, 3332, 1329, 3052, 1097, 1387, 2004, 1690, 1232, 2160, 2238, 2321, 5087, 1126, 937, 1457, 1648, 2044, 2574, 2656, 3606, 2120, 1576, 3058, 1534, 3242, 795, 2238, 1875, 1139, 6112, 1315, 3357, 1516, 1443, 1211, 1925, 493, 1858, 4151, 3818, 2546, 800, 3906, 5013, 1763, 5291, 1108, 2957, 2670, 1230, 4686, 1429, 1948, 1735, 1700, 3533, 1226, 4375, 3003, 1965, 1759)

Test:
No precond: Mean: 2672.772, median: 2441.0, std: 1328.452, percent: 2599.4, flag: 0 
	(2732, 1722, 2896, 6703, 1263, 687, 4519, 1196, 1214, 2257, 1636, 3135, 1148, 2438, 987, 2178, 2570, 2254, 2014, 2444, 1991, 2088, 2134, 2382, 2218, 868, 2182, 3218, 1219, 2008, 3407, 2246, 1203, 4618, 2022, 1618, 1504, 1778, 1968, 4965, 2198, 2292, 2342, 2682, 2127, 4125, 116, 2057, 902, 1557, 6323, 1922, 2322, 669, 481, 2490, 5504, 2080, 3458, 2573, 3341, 2994, 1888, 2050, 1387, 1391, 2387, 3298, 3614, 1684, 3098, 3118, 4464, 2592, 3866, 1797, 1981, 3499, 2273, 3253, 1323, 3153, 6059, 966, 3170, 5799, 5113, 5496, 3340, 2744, 2820, 3977, 3408, 5672, 2096, 1793, 4208, 3067, 1774, 4401, 1070, 2213, 3325, 2189, 1008, 2444, 4028, 1978, 1750, 3565, 2784, 3991, 2663, 2116, 3048, 4220, 2725, 2296, 2839, 2945, 2677, 2762, 3101, 1310, 1820, 1505, 3077, 1109, 1571, 4558, 336, 3214, 3399, 3984, 1498, 3185, 2949, 7460, 2913, 2708, 3603, 1702, 1714, 3044, 5088, 1978, 1501, 2803, 1265, 4648, 5189, 3450, 3232, 2691, 1878, 2840, 872, 1891, 3314, 1379, 2210, 3947, 929, 1336, 1542, 2928, 2412, 1326, 2491, 1833, 1338, 2562, 2919, 2052, 2082, 2489, 3746, 5866, 3049, 1273, 2993, 1275, 3425, 6333, 2217, 2252, 996, 1935, 2942, 3295, 2229, 2084, 8781, 3569, 3803, 2957, 1800, 2928, 1130, 3008, 1029, 2696, 3562, 1757, 4629, 1127, 2829, 1217, 4062, 4161, 2116, 1422, 4084, 1838, 2941, 577, 3148, 5144, 2884, 1132, 1309, 1212, 2450, 5948, 2031, 4191, 2686, 1828, 2057, 1766, 1347, 1945, 4401, 5568, 2142, 2128, 3510, 2437, 1763, 1883, 2842, 2343, 1301, 2928, 2177, 3078, 3557, 2609, 2563, 4937)

Jacobi: Mean: 2243.404, median: 2011.0, std: 1292.295, percent: 2166.82, BvN: 227, WvN: 23, flag: 0 
	(2492, 1157, 2356, 6959, 839, 487, 3002, 866, 976, 1907, 1273, 2669, 863, 2145, 660, 1762, 2341, 1909, 1489, 2055, 1726, 1569, 1796, 1748, 1978, 617, 1540, 2433, 844, 1703, 2400, 2273, 872, 4214, 2070, 1366, 1364, 1487, 1987, 5940, 1541, 2451, 1896, 1937, 1609, 3424, 88, 2065, 540, 975, 3808, 1498, 1945, 508, 374, 2066, 5962, 1647, 3177, 2004, 2980, 3540, 1246, 1741, 1252, 1334, 2280, 2018, 2500, 1211, 2806, 2049, 4025, 1813, 3192, 1519, 1512, 2859, 1472, 2369, 971, 2310, 5160, 683, 2900, 6209, 7128, 4441, 1815, 1701, 2381, 3524, 2637, 4538, 1510, 1334, 3708, 3033, 1551, 3129, 945, 1675, 2151, 1579, 758, 2059, 3928, 1515, 1347, 3055, 2266, 3521, 2367, 1736, 1860, 4665, 3485, 1968, 2768, 2071, 1862, 2524, 2886, 1228, 1155, 1323, 2413, 872, 1273, 4708, 227, 2466, 2340, 4785, 1306, 2140, 2287, 6406, 2701, 2301, 2515, 1200, 1670, 2718, 4346, 2046, 1027, 2217, 881, 3775, 4505, 3090, 3659, 2056, 1366, 2563, 589, 1380, 3454, 1003, 2345, 3067, 626, 1129, 1520, 1945, 2024, 946, 2029, 1966, 1178, 2286, 2628, 1827, 1914, 1958, 3726, 4679, 1491, 1014, 2296, 1057, 2937, 5225, 1895, 1896, 671, 1608, 2321, 2576, 2065, 2083, 8292, 2858, 2935, 2489, 1157, 2775, 952, 2358, 819, 2125, 2069, 1470, 4796, 736, 2054, 928, 2777, 2872, 2193, 1157, 3360, 1295, 2589, 371, 2247, 3920, 2346, 805, 1027, 1055, 1952, 5053, 1925, 3781, 2298, 1529, 1614, 1351, 846, 1516, 3827, 5367, 1832, 1800, 3171, 1858, 996, 1525, 2187, 2083, 1011, 3343, 1871, 2750, 3155, 1910, 1242, 4291)

Last: Mean: 2656.032, median: 2439.5, std: 1349.845, percent: 2551.82, BvN: 124, WvN: 125, BvJ: 20, WvJ 230, flag: 0 
	(2989, 1612, 3243, 8210, 1211, 730, 3400, 1056, 1211, 2526, 1455, 3243, 1973, 2661, 803, 2225, 2453, 2325, 2058, 2729, 2154, 1900, 2045, 2500, 2310, 897, 2023, 3071, 1208, 2169, 3030, 2210, 1165, 5393, 2391, 1656, 1513, 1790, 2034, 4835, 1974, 2859, 2354, 2445, 1928, 4076, 114, 2180, 875, 1426, 5341, 1741, 2512, 679, 582, 2797, 7360, 1735, 3364, 2781, 2890, 2780, 1972, 1647, 1445, 1437, 2576, 2696, 3724, 1530, 3176, 3234, 5140, 2208, 4374, 1836, 2113, 3317, 2322, 3051, 1349, 2883, 5610, 1130, 3021, 6302, 6643, 4484, 2752, 2493, 2403, 4073, 3242, 4911, 1945, 1785, 4006, 2946, 1759, 3448, 1117, 1817, 2908, 2220, 1064, 2640, 4400, 1812, 1849, 3551, 2731, 4506, 2601, 1922, 2515, 3370, 2434, 2146, 2936, 3340, 2265, 3001, 3249, 1445, 1599, 1564, 2971, 1097, 1600, 5102, 357, 2898, 3175, 4666, 1501, 2758, 2480, 7079, 3022, 2471, 3026, 1504, 1622, 3220, 4922, 2279, 1540, 2768, 1338, 4485, 6209, 2956, 3167, 2992, 1802, 2678, 1022, 1690, 3746, 1346, 2214, 4175, 1006, 1467, 1762, 2181, 2341, 1115, 2181, 1741, 1276, 2933, 3496, 1980, 2339, 2542, 4663, 6030, 3049, 1312, 2693, 1336, 3172, 6641, 2348, 2285, 847, 1626, 2806, 3467, 2278, 2221, 7264, 3544, 3439, 2669, 1553, 3418, 1147, 3358, 1065, 2737, 3602, 1813, 3683, 1084, 2562, 1080, 3865, 3698, 2048, 1335, 3654, 1948, 3159, 554, 3368, 4401, 2691, 1224, 1451, 1387, 2767, 4972, 2287, 4023, 2424, 1967, 1878, 1758, 1401, 2020, 3880, 6273, 2172, 2142, 3796, 2606, 1513, 2109, 2875, 2993, 1384, 3164, 2228, 2786, 3322, 2593, 2016, 5661)

[ 0.01727921  0.09641753 -0.00206476 -0.06515786  0.08462883  0.02231873
 -0.02684766 -0.00499775  0.01059996  0.01470662]

15/02/2026, 00:36:34
Config file: ./config/config_median_2.ini
Data:
	1d_laplace_size: 45
	amount: 250
	params: 1 0.3
	seed: 2
	dim: 2025
Solver:
	tol: 1e-10
	max_iteration: None
Learn:
	iteration_count: 100
	step_range: 0.1
	method: median
	seed: 2
	scale: 1 0.5 0.25
Precondition:
	num_coef: 10

Train:
(0, 1): Mean: 2692.212, median: 2483.5, std: 1401.687, percent: 2606.34, B: 250, W: 0, 
	(2106, 2527, 3233, 2235, 4812, 2989, 3315, 4405, 2100, 2225, 1475, 4093, 1685, 2290, 5527, 2141, 2495, 1805, 2445, 2255, 2707, 1180, 1656, 1519, 2919, 733, 2726, 2280, 1469, 6818, 2587, 2733, 1518, 1311, 1783, 5213, 2157, 2129, 2958, 2953, 2607, 3138, 1547, 2527, 2753, 2485, 1319, 1879, 1625, 2749, 2630, 1956, 2703, 2605, 1447, 4152, 1951, 3291, 1903, 2949, 2482, 2032, 3791, 2036, 968, 1861, 2433, 2467, 3495, 2935, 1672, 725, 3122, 1387, 1532, 4903, 2892, 1851, 1250, 1965, 1659, 2522, 3088, 1697, 2509, 3199, 2940, 3367, 1903, 4067, 1960, 3087, 2482, 3018, 3616, 5066, 2221, 1788, 2785, 7564, 2764, 3402, 3711, 4130, 783, 9902, 4023, 3748, 2840, 2177, 2938, 1191, 850, 5661, 3564, 1441, 2246, 2638, 3741, 1028, 2595, 1010, 3440, 2654, 3744, 1732, 1178, 6652, 2178, 2476, 2521, 1144, 1329, 5287, 1563, 3684, 3168, 3797, 2188, 3062, 2822, 2916, 1007, 2952, 1177, 1368, 1367, 2041, 1861, 1890, 1603, 1961, 1098, 1894, 5663, 2150, 1261, 3762, 1370, 3924, 7298, 1311, 1330, 3907, 3249, 2715, 2643, 1874, 1269, 1556, 5643, 2971, 2623, 3617, 2947, 3016, 1774, 1291, 3357, 2101, 619, 3691, 3701, 1374, 1930, 3955, 2403, 2891, 1613, 1933, 1718, 1841, 3048, 2695, 2146, 2706, 4963, 1319, 5608, 4120, 3465, 2247, 1193, 2214, 4166, 4151, 2880, 2387, 3280, 232, 4516, 2086, 1484, 1923, 3283, 3021, 2007, 3617, 1899, 4513, 2820, 1432, 396, 5824, 182, 1177, 2611, 1638, 4171, 912, 2287, 3314, 6351, 2428, 4680, 1577, 6716, 1689, 1212, 2999, 4408, 4060, 2055, 3512, 7424, 1627, 2295, 2520, 1757, 1322)
(1, 2): Mean: 2719.852, median: 2474.5, std: 1474.557, percent: 2679.08, B: 115, W: 134, 
	(1897, 2908, 3358, 2173, 4624, 2813, 3469, 4175, 2206, 2276, 1538, 4294, 2069, 2531, 5418, 2139, 2755, 1753, 2366, 2248, 2507, 1071, 1686, 1510, 2490, 786, 2584, 2195, 1339, 7278, 2635, 2892, 1674, 1319, 1665, 6464, 2087, 2241, 2727, 2780, 2089, 3112, 1463, 2865, 2946, 2967, 1187, 1934, 1526, 2955, 2526, 1678, 2876, 2705, 1373, 3887, 2043, 2797, 1868, 2864, 2392, 2180, 4319, 2265, 876, 1852, 2226, 2759, 4133, 2835, 1958, 837, 2690, 1407, 1652, 4844, 3016, 1875, 1333, 1786, 1790, 2686, 3196, 1641, 2528, 3079, 2904, 3557, 1803, 3690, 2603, 2744, 2245, 3021, 3837, 5265, 2344, 1911, 2381, 7467, 2906, 3253, 4513, 3675, 776, 12297, 3480, 3242, 3014, 2251, 2485, 1193, 914, 5210, 3068, 1220, 2480, 2665, 4005, 1005, 2772, 772, 3350, 2911, 4510, 2061, 1140, 6922, 2436, 2362, 3192, 1079, 1378, 4217, 1582, 3889, 2403, 3392, 2149, 2432, 3365, 3074, 1062, 2908, 1255, 1576, 1297, 1929, 2020, 1880, 1576, 1670, 1168, 1767, 5206, 2201, 1283, 3480, 1561, 3849, 7995, 1525, 1416, 4869, 3301, 2783, 2469, 2172, 1329, 1605, 5912, 2822, 2821, 3509, 3440, 2903, 2117, 1133, 3417, 2037, 732, 3974, 4141, 1560, 1787, 3374, 2921, 3165, 1643, 1935, 1701, 1769, 3103, 2717, 2054, 3065, 4290, 1339, 5095, 4410, 3205, 2446, 1165, 2260, 5334, 3716, 3007, 2680, 3480, 264, 5405, 1924, 1521, 2019, 3289, 2636, 1753, 3566, 2351, 4030, 2958, 1474, 321, 7269, 196, 1177, 2487, 1691, 3636, 787, 2257, 3667, 4688, 2355, 4441, 1545, 6748, 1747, 1271, 2656, 4769, 3868, 2239, 3645, 6719, 1559, 2318, 2383, 1934, 1501)
(2, 4): Mean: 2683.944, median: 2419.0, std: 1382.52, percent: 2592.02, B: 132, W: 118, 
	(2064, 2940, 3252, 2264, 4799, 2837, 3607, 4005, 2035, 2174, 1707, 4922, 1905, 2409, 7099, 2081, 2341, 1658, 2339, 2411, 2615, 1142, 1578, 1367, 2938, 792, 2975, 2330, 1405, 7033, 2597, 2299, 1722, 1333, 1768, 6035, 1966, 2132, 2768, 2842, 2144, 2937, 1385, 2601, 3021, 2789, 1222, 2010, 1498, 2849, 2505, 1977, 2925, 3171, 1458, 4277, 2118, 3135, 2059, 2794, 2308, 1996, 4340, 2084, 841, 1601, 2335, 2289, 3705, 2888, 1979, 778, 3182, 1480, 1696, 4778, 2788, 2174, 1294, 1806, 1762, 3003, 3523, 1802, 2445, 2796, 2582, 2978, 1795, 3653, 1961, 3009, 2450, 3250, 3246, 5364, 2279, 1982, 2523, 7054, 2969, 3215, 4345, 3378, 828, 8516, 3906, 3953, 3419, 2740, 2303, 1285, 845, 6287, 2870, 1235, 2251, 2427, 3787, 882, 2707, 808, 3570, 3078, 3327, 2013, 1406, 6177, 2360, 2236, 3023, 1130, 1315, 4467, 1555, 3721, 2383, 4022, 2069, 2573, 2868, 2993, 975, 3036, 1199, 1325, 1239, 2028, 2010, 1820, 1793, 2046, 968, 1674, 5646, 1955, 1288, 3514, 1360, 3939, 7202, 1406, 1682, 5037, 3645, 2686, 3038, 2132, 1295, 1702, 5779, 2871, 2954, 3349, 3002, 2492, 2136, 1198, 3183, 2044, 684, 3326, 3459, 1373, 1718, 3842, 2497, 2639, 1481, 2001, 1863, 1604, 2918, 2646, 2127, 2774, 4323, 1257, 5851, 4352, 3200, 2359, 1189, 2084, 3817, 3597, 2693, 2625, 3372, 284, 5116, 2065, 1525, 2046, 3108, 2725, 1804, 3841, 2239, 3776, 3010, 1519, 309, 6552, 177, 1208, 2527, 1762, 3651, 815, 2118, 3457, 5183, 2806, 3597, 1652, 7058, 2007, 1224, 2477, 4030, 4385, 2107, 3340, 6970, 1579, 2232, 2711, 1758, 1515)
(4, 12): Mean: 2684.5, median: 2412.0, std: 1445.925, percent: 2584.82, B: 128, W: 120, 
	(1857, 3101, 2919, 2054, 4463, 2584, 3661, 4158, 2143, 2079, 1577, 5332, 1809, 2325, 6626, 1865, 2446, 1768, 2285, 2139, 2609, 1130, 1668, 1471, 2986, 724, 2540, 2090, 1364, 6487, 2348, 2408, 1666, 1375, 1942, 5934, 2083, 2409, 2800, 2867, 2064, 3589, 1528, 2602, 2843, 2785, 1154, 1950, 1498, 2808, 2445, 2053, 2954, 2629, 1339, 3646, 1939, 2814, 2067, 3463, 2415, 2234, 4050, 2002, 988, 1801, 2064, 2225, 4096, 2612, 1745, 799, 3067, 1567, 1711, 5174, 3075, 2093, 1212, 1912, 1604, 2998, 2904, 1437, 2202, 2862, 2721, 3817, 1888, 3588, 2278, 3025, 2568, 2996, 4152, 4767, 2348, 1919, 2577, 7135, 2937, 2885, 3600, 3691, 837, 10669, 3760, 3812, 2989, 2183, 2714, 1169, 877, 5514, 2897, 1365, 2272, 2697, 3620, 942, 2881, 828, 3053, 2705, 4265, 1898, 1305, 7432, 2236, 2290, 2803, 1134, 1390, 4786, 1522, 3732, 2708, 3957, 2335, 2615, 2812, 3253, 1069, 2937, 1158, 1372, 1238, 2008, 1994, 1639, 1413, 1655, 1108, 1745, 6001, 2049, 1400, 3565, 1554, 3443, 6664, 1335, 1382, 5067, 3543, 2952, 2565, 2110, 1246, 1686, 5779, 2785, 2477, 3348, 3264, 2653, 1917, 1147, 3447, 1724, 544, 3316, 3550, 1503, 1874, 3260, 2407, 2599, 1497, 1960, 1864, 1835, 2660, 2579, 2196, 2854, 4082, 1023, 4700, 4135, 2965, 2396, 1284, 2197, 4706, 3867, 3156, 2604, 3539, 234, 4541, 1921, 1453, 1875, 2926, 2542, 1848, 3709, 2291, 4399, 3296, 1184, 354, 6058, 181, 1082, 2826, 1898, 3801, 864, 2060, 3383, 5823, 2756, 4942, 1730, 7833, 1606, 1273, 2970, 4237, 3979, 2274, 3641, 7882, 1587, 2158, 2817, 1720, 1320)
(39, 222): Mean: 2692.952, median: 2390.5, std: 1423.218, percent: 2659.48, B: 113, W: 136, 
	(2385, 2499, 2866, 2055, 5359, 2650, 3185, 3912, 2287, 1871, 1527, 4854, 1709, 2908, 5908, 2085, 2631, 1827, 2226, 2300, 3112, 1086, 1757, 1442, 2764, 710, 2377, 2295, 1541, 7255, 2787, 2444, 1899, 1357, 1888, 6075, 2039, 2051, 2723, 2867, 2218, 3729, 1450, 2710, 2870, 2754, 1276, 1799, 1623, 3017, 2476, 1881, 2450, 3011, 1275, 3573, 2030, 3447, 2040, 2717, 2506, 2117, 4070, 2084, 864, 1607, 2377, 2349, 4139, 2830, 1776, 732, 2871, 1619, 1596, 5584, 2598, 2297, 1354, 2016, 1748, 2928, 2831, 1610, 2214, 2630, 2795, 4030, 1737, 4079, 2250, 2731, 2280, 3053, 3892, 5092, 2339, 2027, 2396, 7438, 2757, 3086, 3851, 3686, 759, 10964, 3819, 3559, 2799, 2710, 2507, 1202, 856, 5913, 2772, 1214, 2309, 3098, 3983, 1000, 2759, 1070, 3367, 2907, 4363, 1993, 1191, 5588, 2321, 2642, 3097, 1097, 1293, 6136, 1540, 3921, 2921, 3920, 2180, 2450, 3009, 2892, 1080, 3030, 1225, 1568, 1288, 1977, 2024, 1746, 1583, 1671, 1040, 1672, 5315, 2329, 1281, 3507, 1515, 3767, 6992, 1457, 1397, 4899, 3409, 2430, 2796, 2247, 1221, 1537, 6841, 2874, 2704, 3771, 3252, 2952, 2243, 1213, 3412, 1790, 590, 3357, 3972, 1477, 1828, 3497, 2376, 2667, 1494, 2283, 1758, 1929, 3006, 2383, 2339, 3237, 3946, 1088, 5074, 4495, 3425, 2250, 1375, 2205, 4371, 3589, 2747, 2506, 3553, 246, 5415, 1955, 1473, 1829, 3841, 2671, 1835, 2957, 1954, 4609, 2746, 1391, 289, 6066, 171, 1186, 2249, 1525, 3469, 790, 2106, 3068, 5087, 2354, 3922, 1638, 6299, 1781, 1195, 2579, 3678, 4283, 2355, 3534, 6033, 1619, 2340, 2702, 1836, 1444)
(96, 560): Mean: 2583.452, median: 2354.5, std: 1361.195, percent: 2501.72, B: 164, W: 86, 
	(2365, 2493, 3120, 2053, 4600, 2697, 3361, 3866, 2201, 2215, 1288, 4984, 1758, 2278, 5660, 1872, 2369, 1688, 2132, 2027, 2409, 1175, 1632, 1434, 2350, 669, 2371, 2009, 1418, 6024, 2254, 2523, 1649, 1314, 1940, 5308, 2059, 2246, 2565, 2648, 2102, 2728, 1432, 3100, 2908, 2704, 1140, 2318, 1507, 2480, 2817, 1831, 2647, 2621, 1265, 3274, 1940, 3315, 1806, 2272, 2465, 2061, 3221, 2089, 1108, 1638, 2283, 2124, 3782, 2768, 2002, 706, 3047, 1547, 1489, 5021, 2987, 1825, 1281, 2000, 1627, 2487, 2666, 1732, 2019, 3045, 2091, 3269, 1661, 3247, 2353, 3052, 2592, 3235, 3883, 5166, 2392, 1876, 2282, 6755, 2621, 2617, 3942, 3584, 870, 11131, 3563, 3597, 3276, 2145, 2678, 1068, 738, 5684, 3146, 1296, 2397, 2763, 3539, 836, 3012, 823, 3094, 2617, 4610, 1641, 1358, 5604, 2338, 2237, 2461, 1072, 1326, 4782, 1419, 3533, 2900, 3838, 2112, 2845, 2932, 3144, 1053, 2841, 1362, 1455, 1181, 1841, 1703, 1878, 1641, 1515, 1041, 1670, 4646, 2131, 1219, 3545, 1361, 3403, 6417, 1431, 1414, 4754, 3676, 2706, 2618, 2063, 1251, 1517, 5019, 2935, 2630, 3022, 2991, 2660, 2134, 1235, 3545, 1851, 581, 3343, 4301, 1297, 1710, 3584, 2504, 2691, 1640, 2107, 1683, 1635, 2973, 2484, 1948, 2814, 4626, 887, 5022, 4245, 3409, 2479, 1256, 1978, 3322, 3891, 2607, 2269, 3503, 264, 4396, 1892, 1373, 1608, 3229, 2773, 1731, 3174, 2179, 3959, 2356, 1241, 300, 6001, 186, 1073, 2658, 1511, 3736, 818, 1740, 3135, 5508, 2302, 3974, 1533, 6462, 1689, 1169, 2623, 3806, 4168, 2056, 3699, 7323, 1485, 2010, 2479, 1495, 1311)
(97, 563): Mean: 2589.908, median: 2318.5, std: 1372.896, percent: 2602.58, B: 126, W: 123, 
	(2035, 2661, 3053, 2158, 4743, 2703, 3863, 3803, 2125, 2181, 1365, 5027, 1721, 2321, 6426, 1869, 2283, 1744, 2044, 1963, 3099, 1004, 1722, 1414, 2438, 740, 2438, 2006, 1498, 6862, 2382, 2496, 1583, 1360, 1502, 6751, 1841, 2081, 2757, 2645, 1982, 3159, 1606, 2516, 3133, 2856, 1216, 2006, 1579, 2865, 2860, 1828, 2588, 2844, 1248, 4119, 2080, 3081, 1904, 2643, 2298, 2040, 4032, 1818, 904, 1853, 2112, 2403, 3483, 2699, 1669, 718, 2849, 1435, 1597, 4555, 3073, 1928, 1250, 1775, 1592, 2691, 2782, 1637, 2271, 2833, 2343, 3066, 1748, 3856, 1959, 2332, 2441, 3058, 3899, 5297, 2664, 1726, 2248, 6791, 2727, 3378, 3825, 3444, 852, 9324, 3833, 3298, 2505, 2159, 2329, 1083, 949, 5332, 2973, 1650, 2241, 2202, 3373, 992, 2414, 951, 3017, 2636, 3917, 1716, 1281, 7605, 2399, 2534, 2660, 1223, 1258, 5021, 1546, 3542, 2576, 3746, 2089, 2699, 2456, 2604, 1126, 3462, 1347, 1579, 1059, 1953, 1991, 1647, 1463, 1760, 1026, 1683, 4822, 2129, 1318, 3478, 1464, 3750, 7392, 1540, 1344, 4677, 3162, 2655, 2565, 1893, 1108, 1531, 4791, 2967, 2250, 3570, 3190, 3054, 1783, 1163, 3982, 1949, 549, 3879, 3977, 1424, 1689, 3160, 2257, 2770, 1564, 2154, 1628, 1670, 3235, 2316, 1861, 2593, 4856, 1095, 5197, 3647, 3129, 2049, 1274, 2092, 4468, 3570, 2702, 2652, 3347, 238, 4582, 1939, 1350, 1560, 3289, 2519, 1870, 3052, 1848, 4177, 2922, 1299, 250, 6298, 193, 1073, 2426, 1611, 4094, 858, 1988, 3435, 4557, 2469, 3625, 1487, 6481, 1555, 1144, 2454, 3850, 3425, 2016, 3201, 6199, 1604, 1969, 2289, 1657, 1293)

Test:
No precond: Mean: 2674.4, median: 2314.0, std: 1455.574, percent: 2601.02, flag: 0 
	(1901, 3242, 1970, 2606, 2480, 1510, 1504, 2925, 664, 2319, 856, 2220, 1363, 2319, 1325, 4827, 1313, 2096, 1194, 1774, 2190, 2501, 1375, 1792, 1349, 1398, 7071, 2478, 2014, 1657, 3825, 1849, 2918, 2994, 2696, 1641, 4176, 3921, 2067, 1633, 1859, 2163, 1576, 2795, 1368, 4006, 2575, 5949, 3558, 2260, 3505, 1931, 2125, 1802, 1314, 2499, 2342, 2010, 1292, 2769, 1077, 2388, 1857, 1336, 1918, 1719, 1875, 8409, 3822, 1417, 4913, 5185, 2121, 3704, 1111, 2289, 1722, 1619, 3505, 1889, 1874, 1287, 4732, 2901, 3298, 1277, 2007, 2789, 3169, 6286, 1411, 3915, 3148, 1288, 1650, 1295, 3210, 4860, 1849, 1443, 4030, 2698, 2834, 5245, 3253, 2309, 2224, 3390, 8573, 2377, 3236, 1841, 1978, 2624, 2162, 1987, 2943, 1167, 2541, 1232, 5631, 874, 2907, 5726, 2298, 1303, 1913, 4272, 1071, 1069, 2986, 3122, 2957, 2538, 2146, 2613, 2090, 2819, 2732, 2879, 2632, 973, 2948, 4606, 2225, 3181, 1384, 3844, 3129, 1682, 2275, 4859, 1412, 617, 927, 4918, 4417, 2912, 2782, 987, 2932, 879, 1589, 2441, 1461, 2524, 2598, 3604, 3241, 3337, 3314, 3609, 2600, 1859, 1034, 939, 5251, 6602, 5194, 1968, 1288, 1885, 1703, 1711, 2798, 3334, 8692, 1348, 1204, 1573, 1784, 3596, 2448, 2041, 2242, 2833, 4420, 3819, 5621, 1965, 3047, 1288, 3785, 3683, 2721, 2180, 2216, 1526, 6115, 2032, 3099, 3378, 5003, 2367, 2281, 4647, 3217, 3277, 2048, 1838, 2117, 2189, 1257, 9233, 1822, 4768, 2465, 1522, 956, 1906, 3059, 1013, 6424, 1769, 2714, 2593, 3989, 1273, 2700, 1967, 3061, 4424, 3642, 1276, 1907, 1480, 2681, 3400, 1626, 1822)

Jacobi: Mean: 2285.86, median: 1966.5, std: 1425.221, percent: 2198.58, BvN: 225, WvN: 25, flag: 0 
	(1571, 3016, 1767, 1816, 2046, 1238, 1214, 2694, 543, 2505, 629, 1427, 778, 2288, 975, 5364, 1051, 1690, 854, 1178, 2109, 2094, 998, 1559, 1071, 1293, 8720, 2075, 1426, 1244, 3769, 1287, 1981, 2437, 2531, 1952, 4109, 3348, 1591, 1420, 1824, 1628, 1439, 2789, 946, 2708, 2039, 5179, 2357, 2445, 2679, 1425, 1851, 1623, 1129, 1934, 1898, 1274, 904, 2036, 863, 1771, 1149, 1124, 1642, 1599, 1591, 5997, 3253, 939, 4541, 4175, 1706, 4029, 922, 2048, 1408, 1279, 2797, 1472, 1586, 886, 4381, 2220, 2967, 999, 1613, 2527, 2518, 3805, 995, 4094, 2633, 917, 1214, 1008, 3165, 4532, 1589, 1148, 4295, 2174, 2203, 4878, 1970, 1723, 2057, 3021, 11046, 2048, 2644, 1584, 1634, 2613, 1883, 1777, 2048, 835, 1798, 915, 4516, 650, 3060, 3766, 1768, 1117, 1588, 3976, 1005, 702, 2350, 2442, 2181, 1884, 1474, 2385, 2070, 2309, 2146, 2840, 2566, 785, 2183, 4294, 2428, 1963, 1187, 3547, 2670, 1327, 2445, 5342, 1180, 458, 868, 3121, 2909, 2312, 2454, 755, 2358, 692, 1094, 1589, 1150, 2548, 1975, 3295, 3284, 3241, 3208, 3868, 2396, 1736, 824, 738, 4471, 6205, 6248, 1559, 1103, 1391, 1480, 1041, 2324, 2313, 7660, 1125, 802, 1285, 1374, 2743, 1809, 1534, 1727, 1980, 5490, 2297, 5322, 1769, 2999, 781, 6091, 2696, 2832, 1624, 2334, 1095, 5007, 2268, 2913, 2854, 4619, 1994, 1840, 4118, 2290, 2898, 1245, 1526, 1754, 2069, 1113, 4958, 1371, 4162, 1845, 1143, 654, 1349, 2473, 783, 4680, 1352, 1926, 2779, 2748, 1089, 2564, 2072, 2828, 3893, 3001, 1007, 1549, 1385, 1985, 3380, 1836, 1609)

Last: Mean: 2711.384, median: 2373.0, std: 1490.993, percent: 2679.32, BvN: 105, WvN: 145, BvJ: 27, WvJ 223, flag: 0 
	(1834, 3222, 1909, 2226, 2336, 1480, 1774, 2554, 634, 2756, 1015, 2184, 1494, 2876, 1536, 6013, 1175, 2177, 1335, 1830, 2540, 2517, 1276, 2064, 1583, 1597, 7812, 2635, 1656, 1936, 5017, 1877, 2661, 2885, 3036, 1759, 3901, 4003, 2056, 1836, 1932, 2309, 1864, 3060, 1490, 4282, 2801, 5403, 3856, 2590, 3249, 2004, 2573, 1721, 1379, 2217, 2733, 1723, 1261, 2557, 1101, 1990, 1575, 1579, 1813, 1884, 2136, 8134, 3586, 1188, 4961, 5013, 2134, 3613, 1173, 2832, 2073, 1630, 3151, 1742, 2108, 1183, 4448, 2635, 3648, 1289, 2137, 2780, 2858, 6570, 1246, 3543, 3921, 1245, 2227, 1232, 3402, 4525, 1912, 1302, 3995, 2560, 2913, 5333, 2804, 2397, 2349, 4270, 9859, 2688, 3033, 1892, 2170, 2646, 2081, 2077, 2980, 1144, 2208, 1393, 5409, 931, 3114, 5700, 2806, 1355, 1879, 4902, 1325, 1074, 2320, 3302, 2844, 2205, 2428, 2822, 1839, 2719, 3021, 2496, 3000, 935, 2442, 5273, 2301, 3302, 1440, 3669, 3147, 1538, 2784, 5115, 1424, 521, 998, 3882, 3992, 2763, 2417, 1086, 2850, 1097, 1434, 1980, 1682, 3186, 2802, 4347, 2561, 3934, 3679, 4456, 2948, 2080, 1039, 977, 6113, 7558, 4865, 2102, 1481, 1933, 2033, 1750, 2523, 2616, 10277, 1592, 1054, 1536, 1735, 3163, 2109, 2037, 2198, 2700, 4462, 2998, 5690, 2191, 2675, 1430, 3891, 3196, 3030, 2292, 2431, 1595, 5662, 2038, 3142, 3147, 3820, 2498, 2505, 4385, 3432, 3021, 1811, 1862, 2324, 2259, 1578, 7871, 1767, 4476, 2561, 1308, 999, 1802, 3234, 1287, 6088, 1647, 2304, 2598, 3570, 1299, 3100, 2064, 2749, 3621, 3877, 1355, 2023, 1694, 2872, 3521, 1560, 1965)

[ 0.00945267 -0.02613742 -0.02065318 -0.10944414  0.08397175  0.04373445
 -0.00383149  0.03869033  0.01406053 -0.06430411]

15/02/2026, 02:33:27
Config file: ./config/config_median_3.ini
Data:
	1d_laplace_size: 45
	amount: 250
	params: 1 0.3
	seed: 3
	dim: 2025
Solver:
	tol: 1e-10
	max_iteration: None
Learn:
	iteration_count: 100
	step_range: 0.1
	method: median
	seed: 3
	scale: 1 0.5 0.25
Precondition:
	num_coef: 10

Train:
(0, 1): Mean: 2775.388, median: 2547.5, std: 1317.195, percent: 2691.8, B: 250, W: 0, 
	(3701, 3368, 1392, 1916, 2552, 1453, 1240, 1541, 2097, 3542, 3363, 1767, 1949, 3598, 1518, 2108, 2472, 3378, 3893, 1803, 1939, 2777, 2998, 2768, 835, 4544, 3480, 1282, 4175, 4117, 2758, 1576, 2788, 5620, 3292, 1680, 1474, 2046, 3183, 2428, 768, 2243, 2160, 1645, 2648, 5082, 1205, 3164, 2128, 1801, 2549, 1668, 3775, 1224, 1186, 1548, 4256, 3141, 1217, 2725, 2219, 2411, 2376, 8180, 3074, 4910, 3386, 2485, 3926, 2169, 2511, 1602, 2134, 1953, 2849, 2871, 3554, 3393, 3128, 2963, 9237, 4071, 1521, 2533, 4791, 1875, 3561, 2675, 1783, 2954, 4154, 1577, 2016, 3202, 2499, 907, 2937, 1700, 3395, 1816, 723, 2418, 1154, 1836, 3146, 2546, 2022, 2324, 2459, 1716, 1591, 5365, 2301, 3087, 502, 1646, 1189, 2913, 1401, 1366, 4450, 3352, 3224, 1674, 4975, 1875, 1621, 2229, 1727, 3520, 2236, 2656, 1208, 3443, 5490, 2320, 1855, 2581, 2065, 1674, 4134, 3355, 4001, 4014, 2718, 1107, 3077, 2889, 3438, 1836, 3471, 3507, 4421, 2518, 2171, 1301, 3594, 2805, 2436, 3522, 1982, 1643, 2423, 2739, 3742, 3705, 1275, 2579, 3726, 2240, 4164, 2793, 1887, 3211, 4027, 2429, 2500, 2725, 2522, 3241, 3886, 2005, 3132, 2931, 2967, 4406, 2411, 4264, 2215, 2904, 2552, 2410, 3026, 2715, 2542, 3427, 5077, 4207, 2862, 1326, 1032, 945, 2760, 2732, 7086, 1193, 1425, 967, 5453, 3184, 1590, 3361, 3195, 5139, 3261, 2458, 1490, 8816, 954, 1851, 859, 5200, 3772, 2453, 1454, 2668, 2451, 5384, 2241, 3428, 1883, 1917, 4603, 1789, 1039, 4333, 3059, 2472, 1818, 2374, 2043, 3313, 2160, 3288, 2033, 3455, 2310, 7382, 4438, 4481)
(1, 2): Mean: 2776.192, median: 2499.0, std: 1247.325, percent: 2775.88, B: 120, W: 129, 
	(3984, 3675, 1353, 1918, 2435, 1416, 1394, 1656, 2369, 3313, 4004, 1972, 1724, 4206, 1368, 1880, 2556, 3624, 3724, 1674, 2098, 3002, 2652, 2298, 766, 5296, 2935, 1034, 3797, 4027, 3036, 1650, 2410, 5017, 3066, 1743, 1432, 2012, 3761, 2502, 822, 2116, 2296, 1645, 2553, 4659, 1355, 3206, 2367, 1876, 2573, 1500, 3807, 1223, 1075, 1485, 4145, 2883, 1320, 2636, 1964, 2002, 2251, 3213, 2555, 5484, 3376, 2470, 3513, 2165, 2410, 1527, 2351, 2251, 2739, 3250, 3624, 3419, 3889, 3029, 8264, 4033, 1581, 2796, 4721, 1842, 4185, 2739, 1906, 2901, 5279, 1521, 2096, 3436, 2438, 689, 4245, 1856, 4168, 1822, 748, 2159, 1207, 1801, 3393, 2978, 1693, 2130, 2245, 1762, 1619, 5118, 2907, 3181, 519, 1541, 1180, 3236, 1607, 1845, 4772, 4617, 3154, 1520, 5208, 1907, 1907, 2470, 1778, 3560, 2305, 2974, 1014, 3929, 5297, 2230, 2332, 2218, 1972, 1688, 4060, 3794, 3867, 3942, 2830, 1366, 2764, 3275, 3734, 1880, 3334, 3434, 4355, 2154, 2248, 1309, 3849, 2923, 2443, 3993, 2269, 1768, 2163, 2855, 3925, 3760, 1421, 2845, 4071, 2188, 4128, 2802, 1925, 3483, 4304, 2659, 2180, 2810, 1934, 3816, 4480, 2088, 2844, 2953, 2983, 4317, 2878, 3568, 2429, 2474, 2264, 2670, 2751, 2947, 2269, 3719, 4813, 3459, 2451, 1619, 960, 866, 2496, 2582, 6717, 1132, 1621, 1123, 6613, 3146, 1686, 2840, 3038, 5240, 3007, 2402, 1407, 6288, 902, 2037, 984, 5754, 3918, 2148, 1360, 2841, 2419, 5254, 2066, 3840, 2082, 1882, 3851, 1740, 1067, 3778, 3425, 2195, 1928, 2122, 1844, 2948, 2338, 3239, 2286, 3371, 2390, 6996, 4221, 4780)
(9, 46): Mean: 2767.608, median: 2472.5, std: 1272.198, percent: 2729.0, B: 133, W: 117, 
	(3408, 3583, 1476, 1998, 2544, 1500, 1072, 1677, 2039, 3564, 3860, 1856, 1691, 3652, 1248, 2044, 2483, 3900, 3924, 1744, 1724, 2721, 2938, 2270, 803, 3993, 3609, 1080, 3508, 4047, 2659, 1526, 2901, 5482, 3523, 1655, 1594, 2052, 3598, 2287, 982, 2256, 2438, 1768, 2595, 4238, 1392, 3378, 2353, 1795, 2210, 1685, 3504, 1164, 1152, 1685, 3747, 2861, 1401, 2946, 2160, 2271, 2445, 4069, 3299, 5392, 2904, 2600, 3624, 2149, 2250, 1663, 2100, 2169, 2985, 2796, 4983, 3751, 3361, 2798, 8505, 4407, 1878, 2897, 4136, 1751, 3856, 2527, 1910, 2753, 3724, 1520, 2228, 7492, 2411, 794, 3578, 1858, 3716, 1797, 850, 2218, 1301, 1823, 3765, 3002, 1964, 2348, 2286, 1768, 1556, 5047, 3147, 2886, 475, 1499, 1268, 3217, 1523, 1465, 4432, 3794, 2892, 1734, 5799, 1964, 1578, 2655, 1697, 3959, 2445, 2622, 962, 3836, 4863, 2445, 2342, 2692, 2193, 1551, 4462, 3720, 3959, 4686, 2427, 1285, 2949, 3010, 3238, 1942, 3127, 3660, 5450, 2355, 2316, 1092, 3664, 2686, 2264, 3755, 2236, 1579, 2159, 2266, 3825, 4184, 1287, 2318, 3970, 2140, 4266, 2346, 1792, 3548, 4001, 2499, 2129, 2503, 1778, 3575, 4100, 2058, 2895, 2727, 2851, 5169, 2360, 4156, 2332, 2320, 2355, 2342, 2644, 2629, 2355, 3609, 4699, 3716, 3081, 1352, 944, 969, 3039, 2646, 6741, 1210, 1753, 1046, 6196, 3606, 1441, 3358, 2840, 4336, 3070, 2462, 1563, 7357, 868, 1917, 862, 5111, 3705, 2418, 1469, 2815, 2532, 4920, 1934, 3330, 1951, 1814, 3206, 1705, 1050, 4312, 3067, 2345, 1687, 2141, 1917, 2972, 2345, 3429, 2000, 3431, 2401, 6516, 4033, 4771)

Test:
No precond: Mean: 2497.424, median: 2306.5, std: 1181.093, percent: 2469.5, flag: 0 
	(3795, 5289, 1445, 797, 1056, 1346, 2571, 8275, 2182, 1039, 2955, 2189, 1158, 3839, 3026, 1683, 594, 2924, 2657, 3223, 3003, 2194, 2092, 4489, 1086, 1038, 2593, 3530, 2226, 3031, 3604, 1711, 2215, 2151, 1199, 668, 5177, 5466, 3940, 1241, 2087, 3303, 1724, 2990, 2796, 2804, 4521, 1763, 2926, 3464, 2894, 2216, 2769, 812, 1059, 5890, 2654, 5275, 2990, 1452, 3016, 3165, 1785, 1826, 1441, 2132, 2996, 2113, 2871, 1919, 2468, 1452, 2831, 2094, 1466, 3065, 1893, 3403, 2281, 1836, 2451, 2364, 3530, 2440, 3637, 1856, 3503, 4305, 798, 5276, 2296, 1731, 869, 2049, 3111, 4340, 2166, 2341, 3080, 2607, 2798, 3011, 4531, 2443, 1629, 2607, 55, 960, 2516, 1973, 2554, 3012, 3304, 1919, 4999, 2190, 2385, 3673, 1593, 1619, 2975, 3000, 2696, 2286, 2604, 1616, 2655, 1105, 1765, 171, 2306, 2704, 2306, 1037, 2527, 866, 1863, 1122, 2571, 2063, 3391, 1132, 2334, 3754, 1967, 2165, 1622, 2229, 2200, 2167, 2450, 2944, 1432, 2019, 2202, 2081, 2307, 955, 1851, 3870, 2927, 2387, 2235, 3570, 3237, 3022, 3206, 4534, 1079, 1157, 2649, 1924, 2311, 4100, 4785, 4409, 2445, 2681, 1861, 4774, 986, 1077, 1652, 1571, 3029, 1227, 4943, 1955, 2873, 1485, 1115, 2293, 3144, 1430, 1117, 2089, 2223, 2307, 2910, 3764, 4301, 1564, 1692, 2917, 3234, 5660, 2097, 3654, 2485, 3376, 2337, 1809, 1608, 2387, 883, 3621, 1986, 2151, 3161, 1167, 1551, 1654, 1889, 5520, 2011, 2833, 5352, 2367, 1865, 4774, 2094, 1845, 1077, 1404, 4290, 1558, 1152, 2904, 1682, 1543, 1312, 2323, 2793, 1126, 1552, 2426, 5686, 1867, 1233, 3130)

Jacobi: Mean: 2080.844, median: 1867.0, std: 1085.82, percent: 2078.66, BvN: 236, WvN: 14, flag: 0 
	(3623, 4679, 1305, 441, 898, 956, 2225, 7504, 1862, 848, 2366, 1735, 974, 3036, 3265, 1231, 418, 2364, 2407, 3091, 2427, 2434, 1748, 3235, 860, 699, 3067, 3153, 1679, 2795, 2423, 1360, 1930, 1995, 754, 347, 4213, 4429, 3472, 805, 1935, 2487, 1267, 2308, 2507, 2461, 3263, 1360, 2913, 2654, 2033, 1797, 1960, 615, 656, 4473, 1821, 5016, 2555, 1245, 2491, 2528, 1421, 1550, 1146, 1541, 2345, 1695, 2011, 1546, 2173, 1012, 2426, 1992, 1147, 3013, 1252, 3508, 1844, 1786, 2327, 1792, 3784, 2772, 3273, 1692, 2636, 3523, 629, 4053, 1858, 1180, 721, 1567, 3146, 3202, 1859, 1669, 2831, 2624, 2523, 2595, 2855, 2142, 1454, 2342, 49, 746, 1777, 1387, 1990, 2969, 2695, 1385, 5087, 1719, 2157, 4368, 1276, 1198, 2123, 2970, 2325, 1679, 1954, 1174, 1840, 729, 1433, 152, 1922, 2323, 1745, 722, 1930, 777, 1353, 869, 1686, 1283, 3378, 884, 1583, 3464, 1214, 1751, 1281, 1681, 1737, 1599, 2171, 2514, 910, 1803, 2062, 1537, 1364, 822, 1408, 3154, 2603, 1681, 2481, 3236, 3043, 2562, 2586, 3917, 906, 956, 2411, 1471, 1865, 3248, 3620, 3459, 2444, 1913, 1677, 3800, 897, 960, 1426, 1196, 2678, 983, 3209, 1367, 2321, 1063, 818, 2169, 3037, 1365, 808, 1889, 1652, 1851, 2354, 3119, 4192, 1301, 1164, 2488, 2106, 5058, 1553, 3418, 2177, 3130, 2038, 1982, 1263, 1525, 733, 3357, 1640, 1741, 2704, 1027, 1507, 1157, 1500, 3700, 1845, 2348, 6967, 1869, 1511, 3379, 1686, 1918, 800, 1013, 3258, 986, 1091, 2150, 1331, 1031, 975, 1989, 2358, 999, 1325, 2141, 4564, 1195, 970, 3046)

Last: Mean: 2658.936, median: 2466.5, std: 1252.586, percent: 2657.92, BvN: 71, WvN: 179, BvJ: 5, WvJ 245, flag: 0 
	(4203, 6027, 1515, 731, 1241, 1638, 3049, 8169, 2255, 998, 3092, 2018, 1400, 3808, 3074, 2076, 612, 4008, 2753, 4358, 3647, 2592, 2192, 5125, 1041, 1090, 3463, 3754, 2573, 3423, 3565, 1887, 2034, 2084, 1331, 494, 4714, 6025, 3586, 1620, 1997, 4235, 1772, 2877, 3143, 3303, 5226, 1808, 3568, 3363, 2706, 2544, 2497, 871, 1199, 6136, 2777, 5416, 3275, 1558, 2638, 3471, 1696, 2201, 1372, 2000, 3283, 2103, 3141, 1903, 2773, 1351, 2982, 2196, 1460, 3285, 1827, 3482, 2481, 2137, 2704, 2591, 3914, 2811, 4000, 2195, 3688, 4428, 1037, 5185, 2293, 1555, 1121, 2543, 3382, 3313, 2618, 2206, 2947, 2631, 2870, 3520, 3777, 2536, 1735, 2358, 63, 1195, 2670, 2101, 2538, 3108, 2809, 2285, 5500, 2124, 2616, 4726, 1572, 1839, 3269, 3266, 2651, 2625, 2739, 1685, 2487, 1016, 1892, 166, 2218, 3121, 2560, 1326, 2602, 1036, 2371, 1436, 2409, 2106, 4242, 1007, 2424, 4183, 2004, 2144, 1488, 2399, 2107, 2239, 2699, 3280, 1304, 2340, 2334, 2277, 2433, 883, 1992, 4309, 3112, 2121, 2557, 3656, 4308, 3090, 3203, 5255, 1360, 1259, 3062, 2195, 2205, 4424, 5570, 4241, 2873, 2948, 1961, 4438, 1136, 1176, 1989, 1590, 3278, 1278, 4113, 1894, 3337, 1619, 1183, 2425, 3993, 1593, 1267, 2143, 2344, 2396, 2589, 3954, 5454, 1663, 1631, 3312, 3145, 5386, 2128, 3296, 2558, 3824, 2500, 1924, 1880, 2238, 1063, 4104, 2452, 2248, 4365, 1187, 2074, 1506, 2065, 5599, 1961, 2948, 5414, 2615, 1981, 4133, 2226, 2132, 1032, 1491, 4174, 1684, 1291, 3876, 1628, 1529, 1397, 2721, 2929, 1239, 1862, 2518, 6808, 1803, 1402, 3712)

[ 0.10204596 -0.12778325 -0.05743727 -0.04226288 -0.01928443 -0.01077986
 -0.10099931 -0.01159662 -0.04326065  0.16614998]
